[1, 17, 44, 102, 144, 157, 163, 170, 171, 172, 173, 174, 174, 175, 175, 175, 177, 177, 178, 178, 178, 178, 178, 178, 178, 178]
[1, 1, 4, 9, 35, 97, 133, 159, 168, 174, 179, 182, 182, 184, 185, 188, 188, 188, 190, 191, 191, 191, 191, 191, 192, 192]
[1, 11, 25, 56, 99, 136, 155, 166, 170, 173, 174, 175, 175, 175, 176, 176, 177, 177, 178, 178, 178, 178, 178, 178, 178, 178]
[1, 8, 14, 35, 83, 134, 145, 154, 160, 163, 166, 169, 171, 172, 173, 173, 174, 174, 176, 176, 176, 176, 176, 177, 177, 177]
[1, 14, 38, 93, 133, 149, 159, 164, 166, 167, 170, 173, 173, 173, 177, 177, 177, 178, 178, 178, 178, 178, 178, 178, 178, 178]
[1, 3, 14, 39, 93, 137, 155, 162, 167, 171, 173, 177, 179, 179, 179, 180, 180, 180, 181, 181, 181, 181, 181, 181, 181, 181]
[1, 1, 2, 7, 25, 77, 122, 155, 166, 172, 178, 180, 182, 185, 185, 185, 187, 187, 189, 190, 190, 192, 192, 192, 192, 193]
[1, 1, 2, 15, 62, 117, 145, 160, 164, 168, 169, 171, 172, 173, 175, 175, 175, 175, 175, 175, 175, 176, 176, 176, 176, 176]
[1, 4, 7, 15, 41, 88, 133, 147, 154, 162, 166, 166, 167, 170, 171, 172, 172, 172, 172, 172, 172, 172, 172, 172, 172, 173]
[1, 9, 34, 96, 144, 155, 162, 167, 169, 169, 170, 172, 173, 173, 173, 174, 174, 174, 175, 176, 176, 177, 177, 177, 177, 177]
[1, 4, 9, 39, 92, 130, 147, 152, 162, 167, 168, 171, 171, 172, 172, 172, 173, 173, 173, 173, 173, 173, 173, 173, 173, 173]
[1, 10, 22, 66, 119, 147, 160, 161, 163, 167, 171, 171, 172, 173, 173, 175, 175, 175, 175, 175, 175, 176, 176, 176, 176, 176]
[1, 2, 3, 7, 26, 71, 125, 150, 165, 169, 172, 174, 177, 178, 178, 178, 178, 179, 179, 179, 179, 179, 179, 179, 179, 179]
[1, 7, 20, 77, 122, 153, 160, 165, 169, 170, 170, 170, 170, 171, 172, 172, 172, 172, 172, 172, 173, 173, 173, 173, 174, 174]
[1, 7, 13, 50, 108, 134, 154, 162, 166, 170, 172, 173, 174, 174, 174, 174, 174, 175, 175, 175, 175, 175, 175, 176, 176, 176]
[1, 3, 7, 14, 48, 99, 135, 154, 162, 166, 172, 173, 174, 175, 175, 175, 175, 175, 175, 175, 175, 175, 175, 175, 175, 175]
[1, 17, 51, 106, 135, 148, 156, 164, 167, 168, 171, 171, 172, 172, 172, 173, 173, 173, 174, 174, 175, 176, 176, 176, 176, 176]
[1, 3, 6, 14, 40, 99, 135, 153, 160, 164, 164, 166, 168, 168, 170, 171, 171, 171, 172, 173, 173, 173, 174, 174, 174, 175]
[1, 3, 5, 16, 35, 78, 129, 153, 160, 167, 176, 179, 179, 182, 184, 184, 185, 186, 187, 188, 188, 189, 189, 189, 190, 191]
[1, 3, 22, 63, 116, 145, 160, 164, 166, 167, 169, 170, 172, 172, 173, 174, 174, 174, 174, 174, 174, 174, 174, 174, 174, 174]
[1, 12, 33, 80, 121, 143, 154, 157, 160, 166, 166, 168, 171, 171, 172, 172, 172, 172, 173, 173, 174, 174, 174, 174, 174, 174]
[1, 15, 45, 105, 143, 154, 162, 168, 169, 172, 172, 174, 174, 174, 174, 174, 174, 175, 176, 176, 176, 177, 177, 177, 177, 177]
[1, 12, 37, 87, 140, 162, 171, 174, 176, 177, 179, 179, 180, 182, 183, 184, 185, 185, 185, 185, 185, 185, 185, 185, 185, 185]
[1, 1, 2, 5, 18, 58, 108, 138, 153, 158, 161, 167, 168, 171, 172, 172, 177, 178, 179, 179, 179, 179, 179, 179, 179, 179]
[1, 2, 5, 27, 75, 123, 143, 156, 159, 161, 163, 169, 170, 171, 173, 174, 174, 174, 174, 174, 175, 175, 175, 176, 176, 176]
