[1, 1, 2, 3, 9, 21, 58, 76, 94, 99, 100, 103, 105, 105, 106, 107, 109, 112, 112, 113, 114, 114, 114, 114, 114, 114]
[1, 3, 12, 36, 68, 87, 97, 102, 105, 107, 108, 110, 112, 113, 114, 115, 116, 116, 117, 117, 117, 117, 117, 118, 119, 119]
[1, 19, 41, 70, 86, 94, 100, 110, 112, 113, 113, 114, 115, 115, 116, 116, 117, 117, 118, 118, 118, 118, 118, 118, 118, 118]
[1, 3, 10, 31, 63, 82, 97, 104, 109, 110, 110, 112, 112, 114, 116, 116, 116, 117, 117, 117, 117, 117, 117, 117, 117, 117]
[1, 1, 1, 1, 1, 1, 1, 1, 1, 1, 1, 1, 1, 1, 1, 1, 1, 1, 1, 1, 1, 1, 1, 1, 1, 1]
[1, 3, 5, 26, 54, 78, 95, 97, 104, 107, 112, 113, 114, 116, 116, 117, 117, 117, 117, 117, 117, 117, 117, 117, 117, 117]
[1, 5, 21, 51, 70, 78, 89, 91, 99, 102, 105, 110, 110, 110, 111, 111, 112, 113, 113, 113, 113, 113, 113, 114, 114, 114]
[1, 4, 16, 37, 62, 84, 93, 101, 105, 106, 111, 113, 113, 114, 116, 116, 116, 116, 116, 116, 116, 116, 116, 117, 117, 117]
[1, 3, 5, 12, 27, 56, 78, 88, 98, 102, 104, 106, 109, 111, 113, 113, 115, 115, 116, 116, 116, 116, 116, 116, 116, 116]
[1, 4, 9, 18, 34, 62, 84, 91, 96, 102, 106, 107, 107, 108, 112, 113, 114, 115, 116, 117, 117, 117, 117, 117, 117, 117]
[1, 1, 2, 2, 2, 3, 8, 32, 65, 89, 98, 103, 106, 108, 111, 112, 116, 116, 116, 117, 117, 117, 117, 118, 119, 119]
[1, 4, 7, 23, 54, 70, 83, 92, 95, 97, 99, 102, 103, 105, 106, 107, 107, 107, 107, 107, 107, 107, 107, 107, 107, 107]
[1, 5, 10, 26, 51, 77, 98, 106, 111, 113, 115, 116, 117, 117, 117, 117, 118, 118, 119, 119, 119, 119, 119, 119, 119, 119]
[1, 2, 4, 5, 5, 7, 17, 43, 65, 86, 91, 94, 98, 103, 105, 110, 111, 113, 113, 113, 114, 115, 115, 115, 115, 115]
[1, 4, 14, 36, 60, 86, 94, 95, 100, 102, 105, 106, 108, 110, 112, 113, 114, 114, 114, 114, 114, 114, 114, 114, 114, 114]
[1, 1, 1, 1, 1, 1, 1, 1, 1, 1, 1, 1, 1, 1, 1, 1, 1, 1, 1, 1, 1, 1, 1, 1, 1, 1]
[1, 17, 32, 57, 81, 88, 98, 103, 106, 107, 107, 108, 111, 111, 112, 112, 112, 113, 113, 113, 114, 114, 114, 114, 114, 114]
[1, 3, 8, 15, 23, 43, 63, 84, 96, 100, 103, 106, 107, 107, 109, 112, 113, 113, 113, 113, 113, 113, 113, 113, 113, 113]
[1, 10, 21, 38, 63, 81, 87, 92, 95, 98, 101, 103, 104, 104, 105, 109, 109, 111, 111, 111, 111, 111, 111, 111, 111, 111]
[1, 4, 13, 33, 56, 72, 82, 86, 92, 97, 103, 106, 106, 108, 109, 110, 110, 110, 110, 110, 110, 110, 110, 110, 110, 110]
[1, 7, 30, 57, 76, 87, 96, 99, 101, 108, 113, 116, 116, 117, 117, 118, 119, 119, 119, 119, 119, 119, 119, 119, 119, 119]
[1, 14, 42, 75, 90, 96, 101, 108, 111, 113, 115, 116, 116, 118, 118, 120, 120, 120, 120, 121, 122, 122, 123, 123, 123, 123]
[1, 2, 5, 9, 15, 22, 56, 84, 95, 105, 114, 115, 117, 119, 121, 122, 122, 122, 122, 122, 122, 122, 122, 122, 122, 122]
[1, 1, 2, 7, 10, 18, 34, 57, 77, 86, 92, 97, 100, 102, 103, 106, 109, 110, 110, 112, 112, 112, 112, 112, 112, 112]
[1, 1, 1, 3, 16, 31, 49, 71, 85, 90, 97, 100, 103, 104, 105, 106, 106, 106, 106, 107, 107, 108, 108, 108, 108, 108]
