[1, 1, 1, 1, 1, 1, 1, 1, 1, 1, 1, 1, 1, 1, 1, 1, 1, 1, 1, 1, 1, 1, 1, 1, 1, 1]
[1, 4, 6, 14, 29, 83, 132, 159, 170, 180, 189, 195, 197, 198, 202, 205, 206, 209, 209, 210, 210, 210, 211, 211, 211, 211]
[1, 1, 1, 1, 1, 1, 1, 1, 1, 1, 1, 1, 1, 1, 1, 1, 1, 1, 1, 1, 1, 1, 1, 1, 1, 1]
[1, 6, 15, 40, 85, 132, 167, 188, 197, 202, 205, 208, 210, 212, 213, 214, 214, 215, 215, 215, 215, 216, 216, 216, 216, 216]
[1, 3, 5, 15, 49, 103, 157, 183, 195, 200, 203, 209, 213, 213, 215, 215, 215, 215, 215, 215, 216, 217, 218, 218, 218, 219]
[1, 6, 18, 39, 83, 127, 157, 181, 191, 203, 209, 213, 220, 223, 223, 224, 224, 225, 226, 226, 226, 227, 227, 227, 228, 228]
[1, 3, 10, 28, 66, 121, 149, 174, 191, 197, 205, 210, 213, 218, 221, 222, 225, 225, 225, 225, 226, 227, 228, 228, 228, 228]
[1, 2, 6, 13, 42, 98, 141, 168, 183, 196, 200, 205, 212, 216, 218, 219, 221, 221, 221, 222, 222, 222, 222, 222, 222, 222]
[1, 2, 5, 7, 20, 61, 116, 156, 177, 193, 206, 208, 209, 213, 217, 218, 218, 218, 218, 220, 220, 221, 221, 221, 221, 221]
[1, 7, 17, 54, 107, 153, 176, 192, 202, 209, 212, 213, 215, 216, 217, 218, 219, 219, 219, 220, 220, 221, 221, 221, 221, 221]
[1, 2, 5, 6, 9, 27, 66, 126, 161, 187, 197, 204, 206, 208, 211, 215, 218, 219, 219, 219, 219, 219, 219, 222, 223, 223]
[1, 1, 1, 1, 1, 1, 1, 1, 1, 1, 1, 1, 1, 1, 1, 1, 1, 1, 1, 1, 1, 1, 1, 1, 1, 1]
[1, 6, 27, 70, 125, 153, 176, 187, 193, 195, 196, 201, 205, 206, 210, 210, 210, 211, 213, 213, 214, 214, 214, 214, 214, 214]
[1, 1, 2, 3, 17, 61, 113, 152, 168, 177, 185, 188, 190, 196, 199, 202, 205, 209, 212, 212, 212, 213, 213, 214, 214, 214]
[1, 4, 7, 22, 82, 135, 172, 187, 195, 200, 209, 211, 218, 218, 218, 219, 219, 220, 220, 221, 221, 221, 221, 221, 221, 222]
[1, 7, 21, 54, 103, 143, 174, 194, 205, 212, 214, 216, 217, 218, 220, 222, 223, 223, 223, 224, 224, 225, 225, 225, 225, 225]
[1, 1, 1, 1, 1, 1, 1, 1, 1, 1, 1, 1, 1, 1, 1, 1, 1, 1, 1, 1, 1, 1, 1, 1, 1, 1]
[1, 6, 9, 23, 59, 111, 156, 181, 189, 196, 201, 206, 208, 209, 210, 210, 211, 213, 214, 215, 216, 216, 216, 216, 218, 218]
[1, 1, 1, 1, 1, 1, 1, 1, 1, 1, 1, 1, 1, 1, 1, 1, 1, 1, 1, 1, 1, 1, 1, 1, 1, 1]
[1, 4, 5, 9, 28, 68, 131, 166, 180, 190, 195, 198, 200, 203, 203, 208, 209, 213, 213, 214, 214, 215, 215, 216, 217, 217]
[1, 8, 28, 79, 131, 164, 184, 196, 203, 206, 210, 213, 219, 219, 220, 221, 221, 221, 222, 222, 223, 223, 223, 223, 224, 224]
[1, 2, 7, 35, 80, 122, 159, 175, 193, 205, 212, 213, 216, 220, 221, 223, 224, 227, 227, 227, 227, 227, 227, 227, 227, 227]
[1, 5, 7, 9, 13, 32, 84, 146, 168, 182, 191, 199, 206, 207, 211, 215, 217, 217, 218, 219, 219, 219, 220, 220, 220, 221]
[1, 5, 16, 41, 98, 154, 181, 188, 198, 208, 210, 212, 214, 214, 217, 218, 220, 220, 221, 222, 222, 223, 223, 223, 223, 223]
[1, 1, 2, 8, 29, 83, 139, 165, 182, 192, 201, 203, 206, 208, 210, 214, 216, 216, 218, 218, 219, 219, 219, 220, 220, 220]
