[1, 1, 1, 1, 1, 1, 1, 1, 1, 1, 1, 1, 1, 1, 1, 1, 1, 1, 1, 1, 1, 1, 1, 1, 1, 1]
[1, 9, 34, 104, 189, 223, 245, 262, 267, 270, 276, 278, 279, 282, 286, 287, 287, 289, 290, 291, 291, 292, 292, 292, 292, 292]
[1, 1, 1, 1, 1, 1, 1, 1, 1, 1, 1, 1, 1, 1, 1, 1, 1, 1, 1, 1, 1, 1, 1, 1, 1, 1]
[1, 1, 1, 1, 1, 1, 1, 1, 1, 1, 1, 1, 1, 1, 1, 1, 1, 1, 1, 1, 1, 1, 1, 1, 1, 1]
[1, 2, 2, 2, 2, 2, 2, 2, 2, 2, 2, 2, 2, 2, 2, 2, 3, 16, 62, 143, 217, 247, 256, 269, 276, 280]
[1, 13, 58, 150, 215, 251, 266, 274, 280, 280, 282, 285, 286, 286, 287, 289, 290, 290, 290, 291, 292, 292, 292, 293, 294, 294]
[1, 1, 1, 1, 1, 1, 1, 1, 1, 1, 1, 1, 1, 1, 1, 1, 1, 1, 1, 1, 1, 1, 1, 1, 1, 1]
[1, 1, 1, 1, 1, 1, 1, 1, 1, 1, 1, 1, 1, 1, 1, 1, 1, 1, 1, 1, 1, 1, 1, 1, 1, 1]
[1, 1, 1, 1, 1, 1, 1, 1, 1, 1, 1, 1, 1, 1, 1, 1, 1, 1, 1, 1, 1, 1, 1, 1, 1, 1]
[1, 1, 1, 1, 1, 1, 1, 1, 1, 1, 1, 1, 1, 1, 1, 1, 1, 1, 1, 1, 1, 1, 1, 1, 1, 1]
[1, 1, 1, 1, 1, 1, 1, 1, 1, 1, 1, 1, 1, 1, 1, 1, 1, 1, 1, 1, 1, 1, 1, 1, 1, 1]
[1, 1, 1, 1, 1, 1, 1, 1, 1, 1, 1, 1, 1, 1, 1, 1, 1, 1, 1, 1, 1, 1, 1, 1, 1, 1]
[1, 13, 42, 114, 171, 221, 250, 267, 271, 275, 280, 284, 284, 284, 285, 285, 285, 287, 288, 288, 288, 289, 289, 289, 289, 290]
[1, 19, 68, 147, 229, 252, 264, 272, 282, 283, 283, 283, 286, 287, 287, 287, 288, 291, 291, 291, 292, 292, 292, 293, 293, 293]
[1, 1, 1, 1, 1, 1, 1, 1, 1, 1, 1, 1, 1, 1, 1, 1, 1, 1, 1, 1, 1, 1, 1, 1, 1, 1]
[1, 1, 1, 1, 1, 1, 1, 1, 1, 1, 1, 1, 1, 1, 1, 1, 1, 1, 1, 1, 1, 1, 1, 1, 1, 1]
[1, 1, 1, 1, 1, 1, 1, 1, 1, 1, 1, 1, 1, 1, 1, 1, 1, 1, 1, 1, 1, 1, 1, 1, 1, 1]
[1, 5, 12, 26, 71, 149, 202, 229, 249, 257, 267, 275, 278, 280, 281, 282, 282, 284, 287, 288, 288, 288, 288, 288, 288, 288]
[1, 1, 1, 1, 1, 1, 1, 1, 1, 1, 1, 1, 1, 1, 1, 1, 1, 1, 1, 1, 1, 1, 1, 1, 1, 1]
[1, 10, 70, 171, 229, 249, 263, 275, 278, 281, 283, 284, 287, 289, 289, 291, 291, 291, 293, 293, 293, 294, 294, 294, 294, 294]
[1, 11, 50, 129, 207, 244, 258, 267, 269, 273, 275, 277, 278, 279, 280, 282, 283, 285, 285, 287, 287, 287, 287, 287, 287, 287]
[1, 6, 21, 73, 151, 211, 242, 257, 264, 270, 275, 280, 280, 281, 282, 284, 287, 288, 288, 288, 289, 289, 290, 290, 290, 290]
[1, 1, 1, 1, 1, 1, 1, 1, 1, 1, 1, 1, 1, 1, 1, 1, 1, 1, 1, 1, 1, 1, 1, 1, 1, 1]
[1, 1, 1, 1, 1, 1, 1, 1, 1, 1, 1, 1, 1, 1, 1, 1, 1, 1, 1, 1, 1, 1, 1, 1, 1, 1]
[1, 2, 2, 3, 7, 26, 106, 192, 227, 254, 265, 275, 284, 285, 288, 290, 292, 293, 294, 295, 295, 296, 296, 296, 296, 296]
