[1, 26, 71, 83, 92, 99, 103, 105, 107, 109, 109, 109, 109, 110, 111, 111, 111, 111, 111, 111, 111, 111, 111, 111, 111, 111]
[1, 43, 60, 75, 84, 93, 97, 102, 104, 105, 106, 106, 107, 107, 107, 109, 110, 111, 111, 111, 111, 111, 111, 112, 112, 112]
[1, 34, 69, 92, 95, 99, 104, 104, 104, 104, 104, 107, 107, 110, 111, 111, 111, 111, 111, 112, 112, 112, 112, 112, 112, 112]
[1, 18, 22, 34, 49, 58, 63, 72, 76, 81, 84, 85, 90, 92, 95, 95, 96, 96, 99, 99, 99, 99, 99, 99, 99, 99]
[1, 4, 5, 7, 14, 24, 40, 59, 70, 76, 80, 84, 85, 87, 88, 88, 88, 88, 89, 91, 91, 92, 93, 93, 93, 93]
[1, 35, 68, 85, 96, 99, 101, 103, 103, 104, 106, 106, 106, 106, 107, 107, 107, 107, 107, 107, 107, 107, 107, 107, 107, 107]
[1, 21, 32, 49, 62, 71, 80, 86, 91, 93, 95, 96, 98, 98, 98, 98, 98, 98, 98, 98, 98, 98, 98, 98, 98, 98]
[1, 31, 68, 87, 96, 99, 102, 104, 107, 108, 110, 112, 113, 113, 113, 113, 114, 114, 114, 115, 115, 115, 115, 115, 115, 115]
[1, 15, 21, 41, 56, 65, 71, 77, 79, 81, 84, 88, 90, 90, 93, 94, 96, 96, 98, 98, 98, 98, 98, 98, 99, 99]
[1, 1, 1, 1, 1, 1, 1, 1, 1, 1, 1, 1, 1, 1, 1, 1, 1, 1, 1, 1, 1, 1, 1, 1, 1, 1]
[1, 11, 20, 43, 59, 66, 75, 80, 86, 87, 88, 89, 91, 91, 92, 94, 94, 94, 94, 94, 94, 95, 95, 95, 95, 95]
[1, 5, 7, 17, 31, 49, 58, 66, 70, 76, 80, 80, 85, 90, 91, 92, 92, 94, 95, 95, 95, 96, 96, 96, 96, 96]
[1, 13, 19, 31, 43, 54, 69, 78, 80, 86, 89, 91, 91, 91, 91, 92, 93, 93, 93, 94, 94, 94, 94, 94, 95, 95]
[1, 17, 21, 30, 45, 61, 71, 79, 82, 87, 90, 92, 93, 94, 95, 96, 96, 96, 96, 96, 96, 96, 97, 97, 98, 98]
[1, 16, 26, 46, 60, 69, 80, 86, 87, 89, 92, 94, 97, 99, 99, 99, 99, 100, 100, 100, 100, 100, 100, 100, 100, 100]
[1, 33, 48, 63, 73, 82, 84, 89, 91, 94, 95, 95, 95, 98, 99, 100, 100, 100, 100, 100, 100, 100, 100, 100, 100, 100]
[1, 27, 52, 67, 75, 80, 88, 92, 96, 97, 97, 97, 97, 99, 99, 99, 99, 99, 99, 99, 99, 99, 99, 99, 99, 99]
[1, 1, 1, 1, 1, 1, 1, 1, 1, 1, 1, 1, 1, 1, 1, 1, 1, 1, 1, 1, 1, 1, 1, 1, 1, 1]
[1, 37, 43, 60, 76, 87, 90, 92, 95, 96, 97, 99, 99, 101, 102, 103, 103, 103, 103, 103, 104, 104, 104, 104, 104, 104]
[1, 32, 43, 55, 71, 80, 88, 94, 95, 96, 97, 97, 97, 97, 97, 98, 98, 98, 98, 98, 98, 98, 98, 98, 98, 98]
[1, 12, 19, 34, 48, 54, 65, 72, 79, 82, 84, 86, 87, 87, 88, 89, 90, 91, 91, 91, 91, 91, 91, 91, 91, 91]
[1, 17, 25, 40, 56, 67, 75, 80, 84, 85, 85, 85, 86, 88, 88, 88, 89, 89, 90, 90, 90, 90, 90, 90, 90, 90]
[1, 4, 7, 15, 24, 33, 48, 60, 73, 77, 81, 83, 84, 88, 88, 90, 90, 91, 92, 93, 93, 94, 94, 94, 94, 94]
[1, 17, 29, 48, 61, 72, 76, 82, 85, 89, 89, 92, 92, 93, 93, 93, 93, 93, 93, 93, 94, 94, 95, 95, 95, 95]
[1, 7, 9, 17, 26, 40, 56, 66, 75, 82, 83, 84, 86, 86, 89, 89, 89, 90, 90, 90, 91, 91, 92, 92, 92, 92]
