[1, 2, 9, 29, 75, 119, 156, 176, 189, 196, 203, 206, 206, 209, 209, 209, 209, 209, 209, 209, 209, 209, 209, 210, 210, 210]
[1, 2, 2, 3, 18, 51, 112, 159, 182, 192, 199, 201, 202, 204, 205, 208, 210, 212, 213, 213, 214, 215, 215, 216, 217, 217]
[1, 1, 2, 6, 24, 49, 102, 153, 167, 182, 192, 196, 199, 201, 201, 201, 201, 202, 203, 204, 204, 205, 205, 205, 205, 205]
[1, 3, 6, 13, 39, 88, 148, 175, 190, 197, 201, 203, 203, 204, 207, 207, 208, 208, 209, 210, 210, 210, 210, 211, 211, 211]
[1, 1, 1, 1, 1, 1, 1, 1, 1, 1, 1, 1, 1, 1, 1, 1, 1, 1, 1, 1, 1, 1, 1, 1, 1, 1]
[1, 1, 1, 1, 1, 1, 1, 1, 1, 1, 1, 1, 1, 1, 1, 1, 1, 1, 1, 1, 1, 1, 1, 1, 1, 1]
[1, 3, 7, 13, 22, 57, 93, 123, 138, 151, 164, 172, 177, 179, 183, 186, 187, 187, 188, 188, 189, 190, 192, 192, 193, 193]
[1, 1, 1, 1, 1, 1, 1, 1, 1, 1, 1, 1, 1, 1, 1, 1, 1, 1, 1, 1, 1, 1, 1, 1, 1, 1]
[1, 1, 1, 1, 1, 1, 1, 1, 1, 1, 1, 1, 1, 1, 1, 1, 1, 1, 1, 1, 1, 1, 1, 1, 1, 1]
[1, 2, 4, 4, 4, 5, 9, 17, 34, 78, 128, 156, 172, 177, 182, 186, 188, 193, 194, 195, 195, 195, 196, 197, 198, 198]
[1, 12, 40, 93, 123, 152, 159, 169, 175, 184, 191, 194, 195, 199, 200, 200, 201, 201, 203, 203, 203, 205, 206, 206, 206, 207]
[1, 10, 25, 47, 81, 124, 152, 169, 180, 189, 192, 193, 195, 197, 199, 202, 203, 204, 204, 204, 204, 206, 207, 207, 207, 207]
[1, 9, 14, 38, 108, 148, 172, 189, 193, 197, 197, 201, 202, 203, 205, 205, 206, 207, 209, 209, 209, 210, 210, 210, 211, 211]
[1, 1, 2, 8, 16, 43, 86, 145, 169, 183, 191, 196, 199, 202, 203, 206, 208, 209, 211, 213, 215, 215, 215, 215, 215, 215]
[1, 12, 43, 102, 151, 172, 187, 195, 203, 208, 209, 212, 215, 215, 216, 216, 217, 217, 217, 217, 217, 218, 218, 218, 219, 219]
[1, 1, 1, 1, 1, 1, 1, 1, 1, 1, 1, 1, 2, 6, 13, 31, 57, 117, 150, 168, 177, 183, 187, 188, 189, 194]
[1, 1, 1, 1, 1, 1, 1, 1, 1, 1, 1, 1, 1, 1, 1, 1, 1, 1, 1, 1, 1, 1, 1, 1, 1, 1]
[1, 1, 1, 1, 1, 1, 1, 1, 1, 1, 1, 1, 1, 1, 1, 1, 1, 1, 1, 1, 1, 1, 1, 1, 1, 1]
[1, 1, 1, 1, 2, 7, 22, 48, 91, 142, 164, 176, 181, 190, 194, 195, 198, 198, 200, 200, 200, 200, 201, 203, 204, 206]
[1, 16, 43, 81, 129, 157, 175, 185, 194, 196, 198, 201, 202, 203, 205, 206, 208, 209, 210, 211, 211, 212, 212, 212, 213, 213]
[1, 12, 28, 58, 111, 155, 171, 180, 189, 196, 203, 204, 206, 207, 209, 210, 211, 211, 213, 214, 214, 214, 214, 214, 214, 214]
[1, 1, 2, 4, 5, 17, 69, 133, 157, 170, 179, 182, 187, 191, 192, 192, 193, 194, 197, 197, 198, 198, 198, 198, 198, 199]
[1, 1, 1, 1, 1, 1, 1, 1, 1, 1, 1, 1, 1, 1, 1, 1, 1, 1, 1, 1, 1, 1, 1, 1, 1, 1]
[1, 2, 15, 51, 112, 151, 172, 187, 194, 197, 201, 203, 203, 205, 206, 206, 207, 210, 210, 210, 210, 210, 210, 210, 210, 211]
[1, 1, 1, 1, 1, 1, 1, 1, 1, 1, 1, 1, 1, 1, 1, 1, 1, 1, 1, 1, 1, 1, 1, 1, 1, 1]
