[1, 3, 5, 19, 89, 335, 660, 908, 1039, 1105, 1165, 1209, 1240, 1273, 1295, 1312, 1326, 1333, 1339, 1348, 1358, 1362, 1364, 1367, 1368, 1370]
[1, 9, 29, 146, 474, 873, 1053, 1146, 1213, 1258, 1291, 1311, 1321, 1330, 1344, 1351, 1355, 1359, 1365, 1370, 1372, 1373, 1376, 1378, 1380, 1381]
[1, 1, 1, 1, 1, 1, 1, 1, 1, 1, 1, 1, 1, 1, 1, 1, 1, 1, 1, 1, 1, 1, 1, 1, 1, 1]
[1, 3, 8, 40, 197, 555, 830, 1012, 1086, 1145, 1189, 1228, 1255, 1284, 1299, 1307, 1320, 1329, 1336, 1340, 1343, 1346, 1349, 1350, 1352, 1355]
[1, 1, 1, 1, 1, 1, 1, 1, 1, 1, 1, 1, 1, 1, 1, 1, 1, 1, 1, 1, 1, 1, 1, 1, 1, 1]
[1, 9, 27, 96, 293, 629, 891, 1042, 1131, 1177, 1219, 1251, 1271, 1287, 1304, 1316, 1329, 1336, 1344, 1348, 1358, 1361, 1367, 1370, 1370, 1371]
[1, 4, 24, 104, 396, 789, 987, 1079, 1151, 1195, 1241, 1274, 1292, 1308, 1319, 1327, 1336, 1345, 1349, 1355, 1356, 1357, 1363, 1368, 1372, 1372]
[1, 1, 1, 1, 1, 1, 1, 1, 1, 1, 1, 1, 1, 1, 1, 1, 1, 1, 1, 1, 1, 1, 1, 1, 1, 1]
[1, 1, 1, 1, 1, 1, 1, 1, 1, 1, 1, 1, 1, 1, 1, 1, 1, 1, 1, 1, 1, 1, 1, 1, 1, 1]
[1, 7, 60, 316, 675, 920, 1080, 1153, 1209, 1247, 1276, 1302, 1320, 1336, 1344, 1349, 1361, 1364, 1369, 1376, 1382, 1385, 1392, 1396, 1398, 1398]
[1, 1, 1, 1, 1, 1, 1, 1, 1, 1, 1, 2, 4, 18, 54, 131, 380, 720, 905, 1041, 1107, 1160, 1190, 1224, 1249, 1264]
[1, 1, 1, 1, 1, 1, 1, 1, 1, 1, 1, 1, 1, 1, 1, 1, 1, 1, 1, 1, 1, 1, 1, 1, 1, 1]
[1, 4, 26, 139, 465, 787, 974, 1080, 1139, 1181, 1215, 1235, 1249, 1259, 1276, 1283, 1291, 1292, 1296, 1301, 1303, 1306, 1310, 1316, 1316, 1317]
[1, 5, 13, 72, 291, 656, 899, 1050, 1153, 1211, 1251, 1286, 1305, 1321, 1334, 1342, 1347, 1356, 1358, 1362, 1366, 1370, 1373, 1375, 1376, 1378]
[1, 4, 11, 35, 111, 323, 700, 923, 1034, 1103, 1147, 1189, 1208, 1229, 1250, 1265, 1277, 1285, 1293, 1299, 1307, 1313, 1319, 1324, 1326, 1329]
[1, 2, 2, 2, 2, 2, 2, 2, 2, 2, 2, 2, 2, 2, 2, 2, 2, 2, 2, 2, 2, 2, 2, 2, 2, 2]
[1, 7, 56, 248, 614, 876, 1008, 1080, 1144, 1200, 1234, 1258, 1280, 1294, 1302, 1307, 1316, 1327, 1335, 1343, 1349, 1351, 1359, 1361, 1363, 1363]
[1, 4, 27, 130, 433, 804, 994, 1113, 1171, 1219, 1249, 1269, 1281, 1299, 1315, 1322, 1327, 1332, 1338, 1344, 1348, 1354, 1357, 1361, 1364, 1367]
[1, 3, 22, 95, 361, 679, 873, 1007, 1078, 1137, 1184, 1211, 1231, 1249, 1270, 1281, 1287, 1295, 1303, 1308, 1309, 1316, 1319, 1323, 1324, 1328]
[1, 13, 64, 269, 594, 862, 995, 1096, 1143, 1185, 1218, 1237, 1253, 1270, 1279, 1288, 1294, 1296, 1305, 1310, 1310, 1314, 1316, 1317, 1319, 1324]
[1, 13, 66, 249, 633, 901, 1043, 1129, 1179, 1224, 1248, 1266, 1282, 1294, 1303, 1311, 1318, 1320, 1327, 1328, 1334, 1337, 1338, 1340, 1344, 1346]
[1, 1, 1, 1, 1, 1, 1, 1, 1, 1, 1, 1, 1, 1, 1, 1, 2, 5, 10, 29, 124, 389, 742, 954, 1068, 1147]
[1, 1, 1, 1, 1, 1, 1, 1, 1, 1, 1, 1, 1, 1, 1, 1, 1, 1, 1, 1, 1, 1, 1, 1, 1, 1]
[1, 3, 9, 31, 90, 337, 723, 945, 1068, 1153, 1212, 1240, 1274, 1300, 1311, 1328, 1335, 1351, 1356, 1358, 1368, 1372, 1373, 1375, 1377, 1379]
[1, 2, 6, 12, 57, 260, 602, 871, 1023, 1104, 1163, 1202, 1226, 1249, 1265, 1281, 1294, 1299, 1305, 1308, 1312, 1315, 1318, 1323, 1328, 1331]
