[1, 4, 11, 26, 53, 85, 113, 135, 150, 166, 173, 178, 179, 184, 184, 185, 186, 186, 188, 188, 188, 188, 188, 188, 188, 189]
[1, 2, 21, 48, 80, 110, 142, 159, 171, 175, 179, 182, 183, 184, 185, 186, 187, 188, 189, 190, 191, 191, 192, 192, 192, 192]
[1, 7, 30, 57, 98, 122, 139, 154, 162, 163, 168, 175, 178, 178, 182, 186, 187, 189, 191, 191, 191, 191, 191, 191, 191, 191]
[1, 1, 1, 1, 2, 2, 3, 5, 14, 32, 53, 75, 113, 137, 153, 166, 176, 182, 186, 189, 189, 190, 190, 191, 192, 193]
[1, 4, 7, 16, 38, 74, 106, 138, 153, 163, 176, 180, 182, 185, 187, 187, 189, 189, 189, 189, 190, 191, 191, 192, 193, 193]
[1, 5, 12, 25, 67, 99, 123, 143, 156, 167, 176, 180, 182, 185, 187, 187, 187, 188, 190, 191, 191, 191, 191, 192, 192, 192]
[1, 3, 3, 5, 11, 26, 52, 97, 129, 145, 154, 167, 173, 177, 178, 180, 182, 184, 184, 184, 187, 189, 189, 189, 189, 189]
[1, 2, 2, 5, 14, 32, 61, 101, 130, 145, 155, 161, 167, 168, 171, 173, 174, 177, 179, 180, 180, 182, 182, 183, 183, 183]
[1, 3, 4, 13, 19, 39, 72, 111, 132, 152, 165, 172, 175, 180, 182, 184, 184, 185, 185, 187, 187, 189, 189, 190, 190, 190]
[1, 4, 10, 28, 57, 88, 111, 141, 155, 166, 175, 183, 184, 187, 190, 192, 193, 193, 193, 194, 195, 195, 195, 195, 195, 195]
[1, 3, 8, 16, 38, 66, 108, 134, 148, 162, 175, 180, 186, 188, 191, 192, 193, 193, 194, 195, 195, 195, 195, 196, 196, 197]
[1, 12, 30, 62, 84, 120, 136, 152, 160, 165, 173, 180, 182, 184, 186, 187, 187, 188, 191, 191, 191, 191, 192, 192, 193, 193]
[1, 2, 4, 9, 19, 65, 113, 146, 157, 165, 175, 179, 185, 191, 192, 193, 194, 196, 197, 197, 197, 197, 197, 197, 197, 198]
[1, 1, 2, 5, 14, 43, 83, 119, 142, 160, 168, 175, 179, 181, 184, 186, 188, 188, 188, 188, 189, 190, 190, 191, 191, 191]
[1, 2, 3, 5, 6, 17, 39, 64, 95, 126, 144, 160, 172, 177, 182, 185, 189, 189, 190, 191, 192, 192, 195, 196, 196, 196]
[1, 18, 36, 69, 108, 139, 158, 170, 175, 178, 181, 184, 186, 189, 192, 192, 193, 194, 195, 196, 196, 196, 196, 198, 198, 198]
[1, 2, 4, 4, 8, 15, 22, 44, 93, 129, 156, 171, 175, 180, 183, 186, 189, 190, 193, 193, 195, 196, 197, 198, 198, 198]
[1, 10, 29, 67, 99, 120, 144, 157, 162, 168, 173, 174, 177, 177, 180, 180, 184, 184, 184, 184, 184, 184, 185, 185, 185, 185]
[1, 3, 5, 10, 24, 39, 75, 104, 134, 152, 159, 166, 169, 173, 176, 183, 185, 189, 191, 191, 191, 192, 192, 193, 193, 194]
[1, 1, 2, 3, 7, 13, 45, 74, 109, 125, 145, 154, 163, 167, 169, 173, 175, 179, 181, 182, 182, 182, 184, 184, 184, 184]
[1, 4, 14, 40, 94, 120, 139, 146, 156, 166, 170, 173, 175, 178, 179, 180, 181, 183, 184, 186, 188, 188, 189, 189, 190, 190]
[1, 5, 11, 25, 61, 102, 130, 147, 161, 163, 169, 171, 173, 177, 180, 180, 181, 182, 183, 187, 187, 187, 187, 187, 187, 187]
[1, 1, 1, 1, 3, 7, 16, 46, 89, 115, 142, 161, 169, 184, 186, 186, 187, 188, 190, 191, 191, 192, 193, 193, 193, 193]
[1, 12, 35, 57, 98, 129, 147, 154, 157, 166, 169, 175, 181, 183, 183, 184, 185, 186, 187, 190, 192, 192, 193, 193, 193, 193]
[1, 3, 10, 27, 58, 92, 120, 144, 156, 160, 162, 168, 171, 176, 179, 180, 181, 182, 183, 183, 183, 183, 183, 183, 184, 186]
