[1, 19, 64, 132, 174, 188, 195, 201, 207, 208, 209, 213, 214, 215, 218, 219, 221, 221, 221, 221, 221, 222, 223, 224, 225, 227]
[1, 5, 6, 7, 16, 58, 124, 170, 195, 208, 212, 215, 216, 220, 223, 223, 223, 225, 225, 225, 225, 226, 227, 227, 227, 227]
[1, 16, 41, 111, 166, 188, 207, 215, 218, 221, 223, 226, 228, 229, 229, 230, 231, 232, 232, 232, 232, 233, 233, 234, 234, 234]
[1, 10, 14, 33, 70, 134, 162, 183, 192, 197, 203, 207, 209, 211, 212, 214, 214, 214, 214, 217, 217, 218, 218, 218, 218, 219]
[1, 13, 45, 107, 159, 188, 203, 210, 212, 217, 223, 224, 228, 232, 232, 233, 235, 236, 236, 236, 236, 236, 236, 238, 239, 239]
[1, 3, 17, 75, 146, 185, 196, 201, 207, 211, 213, 214, 215, 217, 219, 219, 220, 220, 221, 221, 222, 222, 222, 222, 223, 223]
[1, 15, 38, 91, 149, 188, 204, 208, 213, 220, 224, 224, 227, 229, 230, 231, 233, 235, 237, 238, 238, 239, 239, 239, 239, 239]
[1, 3, 11, 36, 105, 155, 177, 196, 212, 216, 224, 225, 230, 231, 232, 233, 233, 233, 234, 234, 234, 234, 234, 234, 235, 235]
[1, 12, 35, 99, 164, 192, 197, 200, 206, 209, 213, 214, 218, 221, 224, 228, 229, 229, 230, 230, 232, 232, 232, 233, 233, 234]
[1, 3, 4, 13, 26, 79, 151, 183, 200, 209, 216, 222, 227, 229, 229, 230, 230, 230, 231, 232, 234, 234, 235, 235, 236, 236]
[1, 9, 29, 97, 165, 188, 201, 210, 213, 218, 221, 226, 228, 229, 231, 232, 232, 232, 232, 233, 235, 236, 236, 236, 236, 236]
[1, 6, 9, 23, 67, 128, 176, 190, 197, 202, 207, 208, 215, 219, 222, 224, 226, 227, 227, 227, 228, 228, 228, 228, 228, 228]
[1, 4, 4, 5, 13, 38, 112, 159, 186, 198, 209, 217, 221, 224, 227, 231, 231, 233, 234, 234, 234, 234, 234, 235, 235, 235]
[1, 1, 1, 1, 1, 1, 1, 1, 1, 1, 1, 1, 1, 1, 1, 1, 1, 1, 1, 1, 1, 1, 1, 1, 1, 1]
[1, 7, 11, 18, 44, 127, 167, 188, 194, 197, 200, 201, 203, 207, 210, 215, 218, 219, 220, 222, 222, 226, 226, 228, 229, 229]
[1, 10, 27, 50, 103, 152, 178, 200, 206, 211, 213, 216, 220, 223, 225, 226, 229, 231, 232, 233, 233, 233, 233, 234, 234, 234]
[1, 18, 60, 117, 157, 183, 196, 201, 207, 210, 212, 212, 217, 221, 224, 225, 226, 227, 228, 228, 229, 230, 231, 231, 231, 231]
[1, 7, 18, 44, 82, 145, 172, 183, 193, 198, 201, 204, 204, 208, 209, 209, 210, 214, 217, 218, 219, 219, 220, 221, 223, 224]
[1, 15, 51, 124, 165, 192, 205, 212, 219, 224, 228, 228, 229, 231, 233, 235, 238, 239, 240, 240, 240, 240, 240, 240, 240, 241]
[1, 13, 47, 115, 167, 192, 200, 204, 212, 219, 225, 230, 232, 235, 235, 235, 236, 236, 236, 237, 237, 238, 238, 238, 238, 238]
[1, 16, 48, 111, 161, 192, 204, 211, 216, 221, 223, 225, 227, 228, 228, 229, 229, 230, 232, 234, 235, 237, 237, 237, 237, 237]
[1, 16, 57, 110, 154, 182, 195, 205, 213, 217, 219, 223, 224, 226, 226, 226, 226, 226, 227, 227, 228, 228, 229, 229, 229, 229]
[1, 13, 39, 99, 161, 189, 201, 209, 214, 219, 222, 223, 226, 229, 231, 232, 232, 233, 233, 236, 236, 238, 238, 238, 239, 239]
[1, 1, 1, 1, 1, 1, 1, 1, 1, 1, 1, 1, 1, 1, 1, 1, 1, 1, 1, 1, 1, 1, 1, 1, 1, 1]
[1, 6, 26, 76, 150, 182, 197, 203, 208, 211, 214, 216, 217, 218, 218, 220, 220, 220, 224, 226, 226, 227, 230, 232, 232, 232]
