[1, 4, 10, 22, 40, 52, 62, 73, 80, 86, 90, 97, 102, 104, 107, 108, 108, 110, 111, 111, 112, 112, 113, 113, 113, 114]
[1, 1, 4, 9, 12, 31, 46, 55, 69, 78, 83, 89, 93, 95, 98, 102, 103, 106, 109, 111, 114, 115, 115, 115, 116, 117]
[1, 15, 34, 51, 66, 80, 91, 102, 103, 110, 115, 117, 120, 120, 120, 121, 122, 125, 127, 129, 130, 130, 130, 131, 131, 131]
[1, 2, 5, 11, 21, 35, 48, 56, 66, 71, 73, 77, 78, 79, 80, 82, 85, 87, 88, 88, 89, 90, 90, 94, 94, 96]
[1, 4, 12, 19, 21, 24, 32, 52, 66, 75, 80, 88, 91, 94, 98, 101, 105, 105, 106, 107, 107, 108, 108, 109, 109, 110]
[1, 3, 7, 10, 11, 12, 16, 26, 33, 41, 52, 61, 68, 76, 83, 90, 90, 93, 99, 102, 103, 107, 110, 111, 112, 114]
[1, 2, 2, 3, 5, 12, 25, 35, 52, 69, 75, 83, 91, 95, 102, 109, 112, 112, 114, 117, 118, 119, 119, 119, 119, 119]
[1, 1, 3, 17, 25, 32, 44, 55, 73, 78, 85, 92, 95, 99, 103, 105, 108, 111, 112, 113, 115, 117, 118, 119, 120, 122]
[1, 2, 4, 5, 7, 9, 11, 15, 17, 18, 18, 18, 19, 20, 20, 20, 20, 20, 20, 20, 20, 20, 20, 20, 20, 20]
[1, 5, 10, 14, 33, 51, 64, 83, 90, 98, 101, 103, 106, 107, 110, 112, 112, 112, 114, 114, 114, 114, 114, 116, 116, 117]
[1, 3, 6, 16, 25, 44, 61, 73, 78, 81, 86, 94, 99, 109, 112, 115, 116, 116, 118, 118, 118, 118, 119, 119, 119, 121]
[1, 4, 14, 26, 37, 53, 64, 76, 82, 85, 87, 88, 94, 96, 97, 99, 101, 104, 104, 106, 107, 109, 111, 113, 115, 116]
[1, 3, 4, 13, 25, 36, 47, 63, 68, 76, 84, 88, 88, 92, 97, 100, 105, 106, 108, 109, 109, 109, 110, 111, 112, 113]
[1, 9, 10, 12, 17, 28, 45, 56, 66, 75, 82, 84, 87, 91, 94, 97, 99, 99, 99, 99, 103, 104, 105, 107, 108, 110]
[1, 5, 7, 27, 48, 66, 86, 96, 98, 103, 110, 115, 117, 118, 120, 123, 123, 123, 124, 125, 126, 128, 129, 129, 130, 130]
[1, 7, 8, 13, 30, 42, 54, 66, 75, 83, 88, 92, 94, 100, 101, 102, 103, 105, 107, 107, 109, 109, 110, 110, 110, 111]
[1, 4, 10, 18, 44, 65, 74, 82, 89, 91, 97, 103, 107, 110, 111, 112, 113, 114, 115, 115, 115, 115, 115, 115, 115, 116]
[1, 3, 8, 16, 34, 44, 55, 66, 73, 81, 85, 87, 89, 93, 93, 93, 95, 98, 100, 102, 102, 102, 103, 104, 105, 106]
[1, 1, 1, 1, 1, 1, 1, 1, 1, 1, 1, 1, 1, 1, 1, 1, 1, 1, 1, 1, 1, 1, 1, 1, 1, 1]
[1, 4, 6, 6, 8, 12, 30, 48, 59, 65, 72, 73, 82, 90, 92, 96, 98, 100, 103, 103, 106, 107, 108, 108, 109, 110]
[1, 22, 33, 48, 62, 73, 84, 95, 102, 108, 111, 114, 116, 118, 118, 119, 119, 120, 122, 122, 122, 123, 125, 125, 125, 125]
[1, 2, 3, 7, 8, 10, 15, 34, 50, 64, 71, 77, 84, 92, 96, 101, 103, 108, 108, 109, 111, 113, 113, 115, 117, 117]
[1, 3, 5, 6, 9, 20, 30, 44, 66, 73, 79, 86, 94, 100, 104, 106, 109, 110, 111, 111, 111, 112, 113, 113, 118, 119]
[1, 4, 10, 14, 16, 21, 26, 32, 34, 40, 46, 55, 59, 69, 73, 77, 77, 80, 84, 86, 88, 88, 91, 92, 94, 95]
[1, 1, 1, 1, 1, 1, 1, 1, 1, 1, 1, 1, 1, 1, 1, 1, 1, 1, 1, 1, 1, 1, 1, 1, 1, 1]
