[1, 2, 4, 46, 221, 516, 719, 817, 877, 921, 959, 977, 995, 1010, 1022, 1038, 1051, 1056, 1062, 1067, 1073, 1079, 1083, 1085, 1088, 1088]
[1, 3, 4, 18, 58, 240, 491, 698, 797, 865, 910, 950, 968, 986, 1010, 1030, 1038, 1045, 1055, 1061, 1063, 1069, 1073, 1075, 1078, 1083]
[1, 3, 12, 37, 130, 369, 609, 745, 834, 886, 923, 953, 970, 983, 996, 1008, 1017, 1023, 1030, 1038, 1043, 1048, 1050, 1051, 1053, 1054]
[1, 1, 1, 1, 1, 1, 1, 1, 1, 1, 1, 1, 1, 1, 1, 1, 1, 1, 1, 1, 1, 1, 1, 1, 1, 1]
[1, 43, 135, 340, 581, 751, 843, 885, 918, 946, 976, 991, 1004, 1018, 1027, 1036, 1046, 1049, 1052, 1054, 1058, 1061, 1066, 1070, 1076, 1078]
[1, 2, 2, 2, 4, 6, 6, 9, 23, 103, 326, 510, 647, 764, 844, 888, 915, 935, 954, 966, 979, 985, 993, 999, 1002, 1008]
[1, 12, 34, 196, 477, 693, 799, 877, 921, 958, 983, 1005, 1019, 1034, 1043, 1051, 1056, 1060, 1062, 1065, 1067, 1070, 1073, 1074, 1077, 1078]
[1, 4, 8, 17, 56, 200, 484, 704, 808, 874, 919, 938, 958, 977, 989, 999, 1010, 1017, 1025, 1032, 1035, 1040, 1044, 1046, 1052, 1052]
[1, 2, 8, 40, 194, 474, 665, 774, 861, 906, 930, 952, 973, 986, 999, 1013, 1027, 1030, 1033, 1040, 1042, 1049, 1051, 1053, 1055, 1056]
[1, 1, 3, 7, 17, 162, 419, 699, 827, 911, 961, 985, 1012, 1042, 1058, 1068, 1085, 1098, 1106, 1115, 1120, 1126, 1127, 1131, 1133, 1135]
[1, 3, 6, 12, 37, 119, 307, 605, 766, 865, 923, 959, 971, 996, 1013, 1031, 1037, 1047, 1054, 1066, 1071, 1076, 1082, 1086, 1087, 1090]
[1, 12, 31, 135, 365, 596, 747, 824, 884, 924, 959, 982, 1006, 1022, 1035, 1046, 1051, 1057, 1061, 1070, 1072, 1075, 1078, 1079, 1080, 1082]
[1, 36, 202, 522, 730, 848, 910, 960, 990, 1010, 1027, 1045, 1062, 1071, 1077, 1084, 1092, 1095, 1095, 1096, 1100, 1101, 1103, 1104, 1106, 1108]
[1, 10, 44, 130, 356, 606, 736, 815, 876, 916, 940, 957, 969, 987, 1001, 1011, 1022, 1029, 1036, 1036, 1040, 1042, 1044, 1045, 1048, 1048]
[1, 6, 16, 60, 264, 543, 729, 828, 892, 940, 974, 993, 1010, 1025, 1038, 1041, 1049, 1056, 1062, 1064, 1066, 1067, 1070, 1072, 1074, 1077]
[1, 1, 1, 1, 1, 1, 1, 1, 1, 1, 1, 1, 1, 1, 1, 1, 1, 1, 1, 1, 1, 1, 1, 1, 1, 1]
[1, 4, 18, 52, 197, 464, 649, 787, 848, 884, 923, 953, 963, 980, 988, 997, 1004, 1011, 1017, 1023, 1029, 1031, 1033, 1034, 1038, 1040]
[1, 2, 2, 4, 10, 73, 267, 570, 769, 854, 916, 957, 987, 1006, 1019, 1039, 1048, 1063, 1070, 1075, 1080, 1084, 1086, 1088, 1089, 1090]
[1, 17, 102, 303, 590, 739, 817, 887, 930, 966, 983, 1003, 1015, 1025, 1030, 1038, 1053, 1057, 1061, 1065, 1069, 1073, 1074, 1076, 1079, 1080]
[1, 3, 7, 21, 61, 192, 456, 678, 804, 883, 935, 973, 994, 1013, 1026, 1042, 1053, 1062, 1068, 1071, 1074, 1077, 1080, 1081, 1084, 1085]
[1, 1, 2, 10, 34, 106, 243, 496, 690, 815, 881, 932, 957, 973, 990, 1005, 1014, 1023, 1028, 1035, 1041, 1047, 1050, 1056, 1058, 1061]
[1, 16, 78, 371, 652, 821, 906, 954, 989, 1024, 1051, 1069, 1080, 1092, 1097, 1107, 1113, 1120, 1122, 1126, 1126, 1129, 1130, 1132, 1134, 1136]
[1, 4, 19, 73, 251, 548, 755, 841, 897, 936, 975, 1001, 1020, 1041, 1058, 1074, 1080, 1087, 1095, 1098, 1098, 1099, 1102, 1105, 1108, 1111]
[1, 3, 3, 5, 14, 70, 252, 540, 732, 830, 890, 932, 961, 980, 999, 1016, 1025, 1034, 1042, 1043, 1050, 1052, 1054, 1061, 1063, 1065]
[1, 3, 8, 38, 166, 406, 614, 753, 831, 876, 918, 943, 964, 987, 1006, 1016, 1023, 1028, 1034, 1040, 1047, 1051, 1055, 1057, 1059, 1061]
