[1, 1, 1, 1, 1, 1, 1, 1, 1, 1, 1, 1, 1, 1, 1, 1, 1, 1, 1, 1, 1, 1, 1, 1, 1, 1]
[1, 1, 1, 1, 1, 1, 1, 2, 3, 25, 116, 406, 652, 746, 802, 838, 862, 876, 891, 898, 905, 912, 915, 919, 921, 924]
[1, 1, 2, 21, 90, 292, 542, 681, 764, 800, 828, 850, 867, 882, 885, 897, 903, 907, 911, 918, 923, 925, 927, 929, 929, 930]
[1, 1, 2, 3, 10, 57, 274, 521, 667, 746, 790, 827, 850, 867, 877, 887, 891, 899, 907, 910, 910, 912, 913, 916, 918, 919]
[1, 1, 1, 1, 1, 1, 1, 1, 1, 1, 1, 1, 1, 1, 1, 1, 1, 1, 1, 1, 1, 1, 1, 1, 1, 1]
[1, 1, 1, 1, 1, 1, 1, 1, 1, 1, 1, 1, 1, 1, 1, 1, 1, 1, 1, 1, 1, 1, 1, 1, 1, 1]
[1, 2, 14, 80, 284, 552, 686, 774, 822, 849, 865, 881, 895, 907, 916, 919, 921, 924, 925, 926, 927, 929, 929, 930, 930, 930]
[1, 1, 2, 3, 3, 4, 14, 67, 215, 455, 658, 753, 800, 833, 856, 865, 880, 888, 896, 896, 902, 907, 911, 912, 914, 916]
[1, 34, 173, 415, 597, 694, 761, 805, 822, 840, 859, 870, 877, 886, 896, 898, 901, 904, 908, 910, 911, 914, 917, 919, 920, 921]
[1, 1, 1, 2, 3, 6, 17, 83, 237, 482, 638, 736, 794, 828, 851, 871, 877, 885, 893, 897, 902, 908, 913, 914, 915, 917]
[1, 1, 1, 1, 1, 1, 1, 1, 1, 1, 1, 1, 1, 1, 1, 1, 1, 1, 1, 1, 1, 1, 1, 1, 1, 1]
[1, 1, 1, 1, 3, 13, 58, 274, 513, 669, 746, 784, 818, 843, 861, 870, 878, 886, 890, 896, 902, 907, 908, 909, 911, 912]
[1, 6, 14, 73, 296, 534, 675, 761, 812, 837, 855, 866, 877, 888, 896, 902, 905, 910, 912, 919, 922, 927, 928, 930, 930, 932]
[1, 2, 4, 6, 44, 162, 415, 618, 724, 784, 824, 852, 867, 883, 897, 902, 910, 915, 918, 920, 922, 922, 924, 926, 927, 929]
[1, 6, 10, 40, 172, 398, 590, 697, 754, 798, 830, 849, 865, 873, 883, 894, 899, 907, 910, 914, 917, 921, 922, 924, 926, 927]
[1, 1, 1, 1, 1, 1, 1, 1, 1, 1, 1, 1, 1, 1, 1, 1, 1, 1, 1, 1, 1, 1, 1, 1, 1, 1]
[1, 1, 1, 1, 1, 1, 2, 3, 3, 3, 3, 3, 3, 3, 3, 3, 3, 3, 3, 3, 3, 3, 3, 3, 3, 3]
[1, 1, 1, 1, 1, 1, 1, 1, 1, 1, 1, 1, 1, 1, 1, 1, 1, 1, 1, 1, 1, 1, 1, 1, 1, 1]
[1, 1, 1, 3, 64, 254, 520, 655, 749, 801, 833, 852, 864, 884, 891, 901, 908, 914, 918, 924, 926, 929, 930, 930, 932, 933]
[1, 2, 18, 95, 325, 599, 714, 791, 826, 856, 869, 883, 894, 905, 911, 911, 912, 914, 917, 919, 921, 922, 923, 924, 924, 924]
[1, 2, 4, 39, 180, 462, 667, 762, 810, 839, 860, 875, 889, 897, 906, 910, 915, 917, 920, 922, 923, 926, 926, 927, 929, 929]
[1, 1, 1, 1, 1, 1, 1, 1, 1, 1, 1, 1, 1, 1, 1, 1, 1, 1, 1, 1, 1, 1, 1, 1, 1, 1]
[1, 2, 2, 2, 3, 9, 45, 207, 474, 635, 725, 773, 817, 841, 857, 868, 876, 884, 890, 896, 901, 906, 910, 910, 911, 912]
[1, 1, 1, 1, 1, 1, 1, 1, 1, 1, 1, 1, 1, 1, 1, 1, 1, 1, 1, 1, 1, 1, 1, 1, 1, 1]
[1, 8, 28, 84, 294, 523, 676, 752, 809, 836, 860, 872, 885, 895, 902, 912, 915, 919, 922, 924, 927, 928, 930, 931, 932, 935]
