[1, 9, 20, 62, 119, 144, 167, 176, 181, 186, 189, 191, 192, 194, 195, 195, 195, 196, 197, 197, 197, 197, 197, 197, 197, 197]
[1, 3, 28, 68, 130, 158, 171, 181, 187, 189, 190, 191, 193, 193, 193, 195, 195, 195, 195, 195, 196, 196, 196, 196, 196, 196]
[1, 2, 3, 9, 39, 94, 136, 159, 176, 181, 186, 186, 186, 188, 189, 189, 189, 190, 190, 191, 192, 192, 192, 192, 192, 192]
[1, 37, 86, 143, 160, 175, 180, 185, 188, 190, 192, 195, 196, 198, 198, 198, 198, 198, 198, 198, 198, 198, 198, 198, 198, 198]
[1, 1, 1, 1, 1, 1, 1, 1, 1, 1, 1, 1, 1, 1, 1, 1, 1, 1, 1, 1, 1, 1, 1, 1, 1, 1]
[1, 1, 1, 1, 1, 1, 1, 1, 1, 1, 1, 1, 1, 1, 1, 1, 1, 1, 1, 1, 1, 1, 1, 1, 1, 1]
[1, 22, 49, 107, 142, 162, 168, 180, 190, 190, 192, 195, 195, 195, 197, 197, 198, 198, 198, 198, 198, 198, 198, 198, 198, 198]
[1, 28, 64, 121, 158, 175, 181, 182, 183, 186, 187, 190, 191, 196, 198, 199, 199, 199, 200, 200, 200, 200, 200, 200, 200, 200]
[1, 2, 4, 10, 25, 66, 125, 156, 174, 182, 185, 189, 189, 189, 189, 190, 192, 193, 194, 194, 194, 196, 196, 196, 196, 196]
[1, 29, 74, 127, 152, 167, 175, 179, 183, 185, 185, 189, 190, 191, 191, 192, 193, 193, 193, 196, 196, 196, 196, 196, 196, 197]
[1, 61, 132, 165, 182, 187, 187, 189, 191, 192, 194, 194, 197, 197, 198, 198, 198, 198, 199, 199, 199, 199, 199, 199, 199, 199]
[1, 12, 29, 63, 113, 150, 168, 171, 180, 182, 187, 188, 189, 189, 189, 190, 192, 193, 194, 194, 194, 194, 194, 195, 195, 195]
[1, 2, 4, 15, 63, 121, 156, 169, 175, 182, 184, 187, 190, 190, 190, 193, 194, 194, 194, 194, 194, 194, 194, 195, 195, 195]
[1, 1, 2, 3, 6, 10, 30, 63, 111, 142, 160, 166, 173, 176, 180, 180, 182, 186, 187, 187, 188, 189, 189, 189, 191, 191]
[1, 1, 1, 1, 1, 1, 1, 1, 1, 1, 1, 1, 1, 1, 1, 1, 1, 1, 1, 1, 1, 1, 1, 1, 1, 1]
[1, 1, 3, 3, 3, 3, 3, 3, 3, 4, 7, 15, 40, 107, 148, 162, 169, 178, 180, 183, 186, 189, 189, 190, 190, 192]
[1, 50, 122, 182, 194, 203, 205, 206, 207, 207, 208, 210, 210, 210, 210, 210, 210, 210, 210, 211, 211, 211, 211, 211, 211, 211]
[1, 3, 7, 48, 100, 136, 163, 169, 176, 180, 181, 184, 186, 188, 190, 192, 193, 193, 193, 195, 195, 195, 196, 196, 196, 197]
[1, 3, 13, 25, 67, 128, 160, 176, 182, 186, 191, 191, 192, 192, 192, 192, 193, 193, 195, 196, 196, 196, 196, 196, 196, 197]
[1, 12, 27, 62, 126, 153, 165, 173, 177, 182, 184, 188, 189, 190, 190, 190, 191, 192, 194, 194, 195, 195, 195, 196, 196, 196]
[1, 2, 3, 6, 12, 41, 99, 133, 149, 165, 170, 177, 183, 185, 186, 189, 191, 191, 191, 191, 191, 192, 194, 194, 195, 195]
[1, 1, 1, 1, 1, 1, 1, 1, 1, 1, 1, 1, 1, 1, 1, 1, 1, 1, 1, 1, 1, 1, 1, 1, 1, 1]
[1, 18, 34, 83, 131, 153, 167, 172, 183, 185, 189, 189, 190, 191, 191, 192, 193, 193, 193, 193, 193, 193, 193, 193, 195, 195]
[1, 1, 1, 1, 1, 1, 2, 2, 2, 2, 3, 4, 6, 8, 12, 68, 118, 152, 173, 181, 182, 186, 186, 186, 188, 188]
[1, 2, 3, 3, 3, 3, 4, 4, 4, 5, 19, 37, 90, 142, 160, 172, 177, 183, 185, 186, 187, 188, 188, 190, 190, 193]
