[1, 1, 1, 1, 1, 1, 1, 1, 1, 1, 1, 1, 1, 1, 1, 1, 1, 1, 1, 1, 1, 1, 1, 1, 1, 1]
[1, 4, 18, 52, 97, 133, 153, 168, 173, 178, 182, 186, 191, 193, 193, 195, 196, 197, 198, 199, 199, 199, 199, 200, 200, 200]
[1, 15, 34, 78, 135, 166, 178, 189, 193, 199, 206, 208, 210, 212, 214, 214, 216, 216, 217, 217, 217, 217, 218, 219, 219, 219]
[1, 13, 34, 77, 123, 152, 173, 179, 183, 187, 189, 193, 194, 194, 194, 194, 194, 194, 195, 196, 197, 197, 197, 198, 198, 198]
[1, 4, 6, 20, 57, 114, 153, 167, 174, 181, 183, 186, 189, 191, 195, 195, 196, 196, 197, 197, 197, 197, 197, 197, 197, 197]
[1, 2, 3, 4, 7, 15, 25, 57, 111, 147, 168, 177, 179, 184, 186, 190, 192, 194, 197, 198, 200, 200, 200, 200, 200, 201]
[1, 9, 24, 52, 109, 142, 160, 171, 175, 181, 184, 186, 189, 191, 191, 192, 193, 194, 194, 196, 196, 196, 196, 197, 197, 197]
[1, 1, 1, 1, 1, 1, 1, 1, 1, 1, 1, 1, 1, 1, 1, 1, 1, 1, 1, 1, 1, 1, 1, 1, 1, 1]
[1, 1, 1, 1, 1, 1, 1, 1, 1, 1, 1, 1, 1, 1, 1, 1, 1, 1, 1, 1, 1, 1, 1, 1, 1, 1]
[1, 1, 1, 1, 1, 1, 1, 1, 1, 1, 1, 1, 1, 1, 1, 1, 1, 1, 1, 1, 1, 1, 1, 1, 1, 1]
[1, 1, 1, 1, 1, 1, 1, 1, 1, 1, 1, 1, 1, 1, 1, 1, 1, 1, 1, 1, 1, 1, 1, 1, 1, 1]
[1, 13, 47, 92, 139, 162, 173, 181, 188, 192, 194, 197, 201, 203, 203, 206, 206, 207, 209, 212, 215, 215, 215, 216, 216, 216]
[1, 8, 9, 17, 40, 99, 144, 170, 180, 193, 195, 200, 203, 205, 206, 206, 207, 208, 209, 209, 209, 210, 210, 210, 210, 210]
[1, 1, 1, 1, 1, 1, 1, 1, 1, 1, 1, 1, 1, 1, 1, 1, 1, 1, 1, 1, 1, 1, 1, 1, 1, 1]
[1, 10, 34, 86, 144, 171, 181, 185, 191, 194, 195, 195, 196, 198, 199, 199, 199, 200, 200, 200, 200, 200, 200, 200, 200, 201]
[1, 7, 34, 85, 125, 148, 159, 162, 167, 173, 177, 181, 182, 182, 183, 186, 187, 187, 188, 188, 188, 189, 189, 189, 189, 190]
[1, 8, 19, 44, 87, 125, 144, 162, 173, 184, 191, 194, 197, 197, 198, 198, 199, 200, 203, 204, 205, 207, 207, 207, 207, 207]
[1, 12, 34, 89, 134, 161, 177, 185, 190, 194, 199, 201, 202, 203, 204, 205, 205, 207, 207, 207, 207, 207, 208, 208, 208, 208]
[1, 5, 10, 30, 75, 136, 159, 168, 184, 189, 189, 191, 194, 195, 195, 195, 195, 196, 197, 197, 197, 197, 197, 197, 197, 197]
[1, 1, 1, 1, 1, 1, 1, 1, 1, 1, 1, 1, 1, 1, 1, 1, 1, 1, 1, 1, 1, 1, 1, 1, 1, 1]
[1, 15, 49, 109, 153, 168, 180, 182, 188, 195, 199, 206, 210, 210, 210, 210, 212, 213, 213, 213, 214, 214, 214, 214, 214, 214]
[1, 3, 16, 43, 101, 151, 168, 177, 184, 189, 191, 191, 191, 192, 195, 197, 198, 198, 198, 199, 199, 199, 200, 200, 201, 201]
[1, 13, 39, 89, 136, 163, 175, 184, 189, 192, 194, 196, 198, 200, 200, 200, 201, 201, 201, 202, 202, 202, 202, 202, 203, 203]
[1, 11, 45, 105, 151, 171, 179, 191, 198, 198, 204, 209, 212, 217, 217, 220, 221, 222, 222, 223, 224, 226, 226, 226, 227, 228]
[1, 1, 1, 1, 1, 1, 1, 1, 1, 1, 1, 1, 1, 1, 1, 1, 1, 1, 1, 1, 1, 1, 1, 1, 1, 1]
