[1, 8, 17, 29, 49, 79, 94, 98, 102, 106, 110, 112, 112, 114, 115, 116, 116, 117, 119, 120, 120, 120, 122, 122, 122, 122]
[1, 2, 2, 2, 2, 2, 2, 3, 3, 3, 3, 3, 3, 3, 3, 4, 6, 10, 29, 50, 74, 93, 99, 105, 109, 111]
[1, 2, 2, 2, 2, 2, 2, 2, 2, 2, 2, 2, 2, 2, 2, 3, 3, 3, 3, 3, 3, 3, 3, 3, 3, 3]
[1, 1, 1, 1, 1, 1, 2, 2, 2, 3, 3, 3, 3, 3, 3, 4, 4, 5, 7, 9, 15, 19, 25, 40, 62, 76]
[1, 1, 2, 3, 4, 6, 6, 7, 10, 16, 36, 61, 84, 95, 104, 108, 111, 116, 117, 117, 117, 118, 118, 118, 119, 121]
[1, 2, 2, 3, 5, 9, 15, 35, 61, 82, 95, 101, 108, 114, 115, 119, 120, 121, 121, 121, 122, 122, 122, 124, 126, 126]
[1, 1, 1, 1, 1, 2, 2, 2, 2, 2, 2, 2, 2, 3, 3, 3, 3, 3, 3, 3, 4, 8, 12, 28, 48, 67]
[1, 1, 2, 2, 3, 4, 7, 19, 39, 51, 64, 74, 79, 89, 97, 105, 110, 115, 116, 116, 117, 119, 120, 120, 120, 122]
[1, 1, 1, 1, 1, 1, 1, 1, 1, 1, 1, 1, 1, 1, 1, 1, 1, 1, 1, 1, 1, 1, 1, 1, 1, 1]
[1, 4, 11, 22, 42, 60, 76, 97, 103, 108, 112, 115, 118, 119, 121, 123, 124, 125, 125, 125, 125, 125, 127, 127, 128, 128]
[1, 11, 21, 36, 67, 93, 110, 117, 120, 124, 126, 129, 129, 130, 131, 131, 131, 131, 131, 131, 131, 131, 131, 131, 131, 131]
[1, 2, 5, 7, 19, 36, 53, 69, 82, 93, 101, 106, 108, 111, 116, 116, 117, 117, 117, 117, 118, 118, 118, 118, 119, 120]
[1, 4, 10, 17, 35, 60, 77, 91, 100, 108, 111, 117, 119, 119, 119, 121, 122, 123, 123, 123, 125, 125, 125, 125, 125, 126]
[1, 1, 1, 2, 3, 3, 3, 4, 7, 11, 28, 46, 63, 79, 91, 101, 105, 109, 116, 120, 120, 123, 123, 123, 123, 124]
[1, 1, 1, 1, 1, 1, 1, 1, 1, 1, 1, 1, 1, 1, 1, 1, 1, 1, 1, 1, 1, 1, 1, 1, 1, 1]
[1, 2, 3, 6, 27, 60, 80, 93, 98, 103, 108, 110, 111, 113, 114, 116, 117, 119, 120, 120, 120, 121, 122, 122, 122, 122]
[1, 1, 5, 6, 10, 12, 28, 50, 80, 98, 104, 111, 113, 115, 117, 119, 121, 124, 124, 126, 127, 127, 127, 128, 128, 128]
[1, 3, 3, 3, 3, 4, 5, 8, 16, 42, 78, 91, 99, 105, 108, 110, 113, 114, 117, 118, 118, 118, 118, 119, 119, 119]
[1, 1, 1, 1, 2, 2, 3, 4, 8, 12, 17, 28, 43, 70, 85, 95, 107, 111, 112, 113, 114, 115, 118, 118, 119, 119]
[1, 4, 6, 13, 27, 55, 70, 89, 101, 109, 111, 115, 116, 116, 116, 117, 118, 118, 119, 119, 119, 119, 120, 120, 120, 121]
[1, 8, 12, 21, 39, 55, 82, 95, 98, 103, 104, 106, 106, 109, 110, 111, 113, 114, 114, 114, 115, 116, 116, 116, 116, 117]
[1, 10, 27, 49, 67, 81, 93, 103, 106, 112, 114, 116, 118, 122, 123, 124, 126, 126, 126, 126, 127, 127, 127, 127, 127, 127]
[1, 2, 10, 25, 44, 59, 79, 91, 106, 109, 112, 116, 116, 117, 118, 120, 122, 122, 122, 123, 123, 123, 123, 123, 124, 124]
[1, 1, 1, 1, 1, 1, 1, 1, 1, 1, 1, 1, 2, 2, 3, 3, 3, 3, 3, 3, 3, 3, 3, 4, 7, 11]
[1, 5, 24, 48, 78, 87, 99, 105, 109, 111, 116, 118, 120, 123, 125, 126, 126, 127, 127, 128, 128, 128, 128, 129, 129, 129]
