[1, 14, 43, 220, 572, 842, 982, 1055, 1105, 1136, 1165, 1181, 1199, 1216, 1231, 1241, 1247, 1250, 1254, 1259, 1261, 1262, 1264, 1267, 1267, 1269]
[1, 1, 1, 1, 1, 1, 1, 1, 1, 1, 1, 1, 1, 1, 1, 1, 1, 1, 1, 1, 1, 1, 1, 1, 1, 1]
[1, 6, 15, 49, 230, 533, 764, 923, 1036, 1084, 1117, 1145, 1161, 1181, 1191, 1202, 1209, 1215, 1224, 1228, 1236, 1239, 1240, 1243, 1248, 1248]
[1, 6, 21, 101, 368, 668, 851, 959, 1017, 1059, 1087, 1117, 1136, 1155, 1169, 1180, 1191, 1197, 1202, 1206, 1209, 1211, 1214, 1221, 1225, 1228]
[1, 12, 97, 327, 653, 820, 939, 1005, 1050, 1082, 1108, 1128, 1143, 1167, 1174, 1188, 1202, 1207, 1213, 1222, 1223, 1225, 1231, 1235, 1239, 1243]
[1, 2, 6, 25, 143, 409, 725, 881, 983, 1053, 1098, 1135, 1164, 1187, 1206, 1216, 1227, 1241, 1248, 1251, 1259, 1261, 1263, 1268, 1273, 1276]
[1, 3, 11, 62, 292, 647, 847, 985, 1061, 1115, 1160, 1182, 1215, 1230, 1246, 1254, 1264, 1271, 1278, 1280, 1284, 1289, 1292, 1295, 1297, 1298]
[1, 1, 4, 10, 34, 146, 447, 742, 901, 979, 1040, 1082, 1120, 1145, 1165, 1180, 1198, 1208, 1215, 1222, 1229, 1234, 1236, 1239, 1239, 1244]
[1, 7, 59, 262, 588, 834, 958, 1038, 1095, 1136, 1164, 1187, 1199, 1214, 1226, 1236, 1246, 1257, 1262, 1269, 1274, 1278, 1283, 1283, 1291, 1294]
[1, 1, 1, 1, 1, 1, 1, 1, 1, 1, 1, 1, 1, 1, 1, 1, 1, 1, 1, 1, 1, 1, 1, 1, 1, 1]
[1, 8, 66, 308, 631, 847, 973, 1043, 1088, 1124, 1156, 1175, 1189, 1207, 1222, 1233, 1238, 1247, 1250, 1251, 1254, 1257, 1260, 1264, 1269, 1270]
[1, 2, 5, 13, 72, 296, 633, 823, 945, 1015, 1058, 1099, 1126, 1143, 1163, 1180, 1195, 1205, 1211, 1218, 1220, 1230, 1234, 1239, 1246, 1246]
[1, 6, 22, 102, 361, 694, 870, 985, 1051, 1094, 1134, 1156, 1172, 1190, 1202, 1211, 1219, 1229, 1237, 1239, 1245, 1251, 1254, 1255, 1261, 1265]
[1, 1, 1, 1, 1, 1, 1, 1, 1, 1, 1, 1, 1, 1, 1, 1, 1, 1, 1, 1, 1, 1, 1, 1, 1, 1]
[1, 2, 2, 4, 25, 116, 389, 714, 922, 1019, 1088, 1123, 1146, 1167, 1186, 1196, 1205, 1217, 1229, 1235, 1239, 1243, 1250, 1254, 1257, 1262]
[1, 1, 1, 1, 1, 1, 1, 1, 1, 1, 1, 1, 1, 1, 1, 1, 1, 1, 1, 1, 1, 1, 1, 1, 1, 1]
[1, 4, 9, 28, 145, 425, 735, 931, 1026, 1089, 1125, 1154, 1178, 1198, 1213, 1222, 1232, 1242, 1254, 1260, 1266, 1272, 1277, 1279, 1280, 1281]
[1, 2, 16, 64, 267, 616, 869, 989, 1069, 1114, 1140, 1171, 1188, 1207, 1222, 1234, 1248, 1258, 1267, 1271, 1276, 1281, 1288, 1289, 1292, 1296]
[1, 1, 1, 2, 3, 7, 24, 104, 351, 645, 855, 958, 1019, 1057, 1085, 1112, 1123, 1138, 1150, 1162, 1173, 1182, 1192, 1206, 1218, 1222]
[1, 6, 26, 152, 373, 663, 863, 980, 1043, 1079, 1114, 1139, 1164, 1184, 1198, 1210, 1222, 1230, 1238, 1244, 1248, 1257, 1261, 1261, 1262, 1264]
[1, 1, 1, 2, 10, 26, 118, 416, 702, 876, 954, 1007, 1051, 1089, 1121, 1137, 1146, 1164, 1175, 1184, 1190, 1194, 1195, 1199, 1204, 1206]
[1, 4, 8, 13, 40, 162, 490, 797, 965, 1042, 1115, 1145, 1164, 1184, 1197, 1207, 1221, 1237, 1248, 1252, 1258, 1262, 1264, 1267, 1270, 1272]
[1, 1, 1, 1, 1, 1, 1, 1, 1, 1, 1, 1, 1, 1, 1, 1, 1, 1, 1, 1, 1, 1, 1, 1, 1, 1]
[1, 18, 72, 300, 629, 856, 975, 1052, 1101, 1137, 1164, 1186, 1204, 1218, 1228, 1237, 1250, 1261, 1267, 1276, 1279, 1284, 1290, 1296, 1301, 1303]
[1, 14, 78, 237, 565, 831, 974, 1055, 1114, 1148, 1170, 1191, 1207, 1222, 1226, 1235, 1239, 1244, 1247, 1249, 1249, 1257, 1257, 1261, 1266, 1272]
