[1, 4, 9, 13, 28, 73, 126, 154, 163, 170, 173, 177, 177, 179, 183, 183, 184, 185, 187, 190, 190, 190, 191, 191, 191, 191]
[1, 2, 3, 7, 39, 85, 126, 151, 161, 168, 174, 180, 185, 186, 187, 189, 193, 193, 194, 195, 195, 195, 195, 196, 196, 196]
[1, 7, 16, 35, 89, 125, 149, 161, 169, 174, 176, 178, 181, 184, 186, 188, 188, 189, 190, 191, 191, 192, 192, 192, 192, 192]
[1, 4, 9, 39, 92, 137, 151, 163, 175, 181, 183, 185, 187, 188, 189, 189, 189, 191, 191, 191, 191, 192, 192, 192, 193, 193]
[1, 1, 1, 1, 1, 1, 1, 1, 1, 1, 1, 1, 1, 1, 1, 1, 1, 1, 1, 1, 1, 1, 1, 1, 1, 1]
[1, 3, 7, 15, 43, 93, 124, 150, 165, 171, 176, 177, 181, 184, 185, 186, 187, 187, 188, 189, 189, 189, 189, 189, 190, 191]
[1, 3, 12, 45, 100, 130, 158, 169, 173, 176, 179, 185, 189, 193, 194, 194, 195, 195, 195, 195, 195, 195, 195, 195, 195, 195]
[1, 1, 1, 1, 1, 1, 1, 1, 1, 1, 1, 1, 1, 1, 1, 1, 1, 1, 1, 1, 1, 1, 1, 1, 1, 1]
[1, 6, 23, 62, 120, 151, 161, 168, 173, 177, 180, 182, 185, 186, 187, 187, 187, 187, 189, 190, 190, 191, 192, 192, 192, 192]
[1, 7, 32, 87, 133, 156, 168, 171, 176, 180, 182, 184, 187, 187, 191, 191, 192, 193, 193, 193, 193, 193, 193, 193, 193, 194]
[1, 8, 26, 57, 115, 147, 163, 170, 173, 177, 179, 179, 182, 183, 183, 183, 183, 185, 185, 188, 189, 190, 190, 190, 190, 190]
[1, 1, 1, 1, 1, 1, 1, 1, 1, 1, 1, 1, 1, 1, 1, 1, 1, 1, 1, 1, 1, 1, 1, 1, 1, 1]
[1, 1, 1, 1, 1, 1, 1, 1, 1, 1, 1, 1, 1, 1, 1, 1, 1, 1, 1, 1, 1, 1, 1, 1, 1, 1]
[1, 5, 11, 30, 73, 120, 151, 161, 163, 173, 179, 181, 184, 185, 186, 186, 186, 186, 189, 191, 193, 193, 193, 193, 194, 194]
[1, 3, 7, 26, 71, 124, 149, 158, 167, 176, 177, 181, 183, 183, 185, 185, 187, 187, 188, 188, 188, 188, 188, 188, 188, 188]
[1, 4, 13, 46, 107, 140, 155, 168, 179, 181, 185, 188, 189, 189, 189, 191, 192, 193, 195, 195, 195, 195, 195, 195, 195, 195]
[1, 1, 1, 1, 1, 1, 1, 1, 1, 1, 1, 1, 1, 1, 1, 1, 1, 1, 1, 1, 1, 1, 1, 1, 1, 1]
[1, 4, 7, 27, 67, 124, 143, 162, 175, 181, 183, 184, 185, 186, 186, 186, 188, 189, 191, 191, 192, 192, 192, 192, 192, 192]
[1, 1, 1, 1, 1, 1, 1, 1, 1, 1, 1, 1, 1, 1, 1, 1, 1, 1, 1, 1, 1, 1, 1, 1, 1, 1]
[1, 1, 1, 1, 1, 1, 1, 1, 1, 1, 1, 1, 1, 1, 1, 1, 1, 1, 1, 1, 1, 1, 1, 1, 1, 1]
[1, 1, 1, 1, 1, 1, 1, 1, 1, 1, 1, 1, 1, 1, 1, 1, 1, 1, 1, 1, 1, 1, 1, 1, 1, 1]
[1, 2, 6, 25, 84, 133, 156, 166, 171, 173, 178, 180, 182, 183, 184, 185, 186, 188, 188, 188, 188, 188, 189, 189, 189, 190]
[1, 10, 38, 97, 136, 156, 163, 170, 173, 177, 180, 182, 184, 185, 185, 186, 187, 190, 191, 191, 191, 191, 191, 192, 192, 192]
[1, 1, 1, 1, 1, 1, 1, 1, 1, 1, 1, 1, 1, 1, 1, 1, 1, 1, 1, 1, 1, 1, 1, 1, 1, 1]
[1, 9, 23, 63, 120, 148, 166, 176, 182, 184, 186, 187, 191, 192, 194, 195, 196, 196, 197, 197, 198, 198, 198, 198, 198, 198]
