[1, 34, 76, 163, 239, 265, 282, 288, 290, 291, 293, 295, 297, 298, 298, 298, 299, 299, 299, 300, 301, 301, 301, 301, 301, 301]
[1, 41, 103, 205, 252, 276, 285, 287, 292, 295, 296, 297, 297, 297, 298, 299, 299, 300, 300, 301, 301, 301, 301, 301, 301, 301]
[1, 4, 9, 46, 125, 201, 239, 261, 275, 280, 281, 283, 284, 287, 289, 291, 292, 292, 292, 292, 293, 293, 294, 294, 294, 294]
[1, 18, 49, 131, 207, 249, 274, 283, 289, 293, 293, 294, 294, 295, 295, 296, 296, 296, 296, 297, 297, 297, 297, 297, 297, 297]
[1, 13, 30, 100, 191, 238, 262, 276, 282, 283, 286, 288, 289, 293, 293, 293, 295, 296, 296, 296, 296, 296, 296, 296, 297, 297]
[1, 5, 7, 20, 80, 178, 241, 261, 273, 278, 285, 289, 290, 292, 294, 294, 294, 294, 294, 294, 294, 295, 295, 295, 295, 295]
[1, 16, 46, 159, 218, 251, 269, 278, 283, 287, 289, 290, 292, 295, 299, 299, 299, 299, 299, 299, 299, 299, 299, 299, 299, 299]
[1, 4, 6, 31, 122, 203, 244, 263, 276, 283, 284, 287, 289, 289, 293, 294, 295, 295, 295, 295, 295, 295, 295, 295, 295, 297]
[1, 9, 15, 40, 114, 214, 257, 267, 278, 283, 287, 290, 291, 293, 293, 293, 293, 294, 295, 295, 296, 296, 298, 298, 298, 298]
[1, 2, 5, 23, 95, 192, 244, 267, 275, 280, 284, 285, 287, 288, 290, 291, 291, 291, 291, 292, 292, 292, 292, 293, 293, 295]
[1, 44, 138, 242, 279, 292, 299, 305, 307, 310, 312, 312, 313, 313, 314, 314, 314, 314, 314, 314, 314, 314, 314, 314, 314, 314]
[1, 13, 26, 92, 184, 232, 261, 275, 280, 286, 288, 291, 293, 293, 293, 293, 293, 294, 294, 296, 296, 296, 297, 297, 297, 297]
[1, 27, 84, 173, 239, 266, 280, 286, 290, 293, 295, 296, 296, 297, 298, 298, 298, 298, 298, 298, 298, 298, 298, 298, 298, 298]
[1, 1, 1, 1, 1, 1, 1, 1, 1, 1, 1, 1, 1, 1, 1, 1, 1, 1, 1, 1, 1, 1, 1, 1, 1, 1]
[1, 30, 83, 188, 245, 271, 275, 279, 281, 284, 286, 287, 290, 290, 291, 291, 292, 294, 294, 294, 294, 295, 295, 296, 296, 296]
[1, 5, 16, 61, 171, 225, 252, 265, 273, 280, 282, 285, 287, 289, 289, 289, 289, 290, 290, 290, 291, 291, 292, 292, 292, 292]
[1, 18, 41, 125, 220, 258, 272, 279, 285, 289, 293, 295, 295, 296, 296, 297, 297, 297, 297, 297, 297, 297, 298, 298, 298, 298]
[1, 46, 134, 226, 261, 276, 282, 286, 290, 290, 292, 292, 295, 296, 296, 298, 300, 300, 300, 300, 300, 300, 300, 300, 300, 300]
[1, 13, 31, 94, 188, 244, 269, 279, 284, 285, 289, 293, 294, 294, 296, 298, 298, 298, 299, 299, 299, 299, 299, 300, 300, 300]
[1, 24, 75, 174, 223, 264, 273, 280, 284, 286, 290, 291, 293, 293, 294, 296, 296, 296, 296, 297, 297, 298, 298, 298, 298, 298]
[1, 1, 1, 1, 1, 1, 1, 1, 1, 1, 1, 1, 1, 1, 1, 1, 1, 1, 1, 1, 1, 1, 1, 1, 1, 1]
[1, 40, 100, 208, 262, 280, 287, 291, 294, 295, 296, 296, 297, 298, 298, 298, 299, 299, 299, 299, 299, 299, 299, 299, 299, 299]
[1, 12, 32, 112, 201, 249, 268, 274, 280, 281, 285, 286, 291, 292, 293, 295, 295, 296, 296, 296, 297, 297, 297, 297, 298, 298]
[1, 51, 126, 220, 258, 275, 282, 286, 291, 293, 295, 295, 298, 298, 299, 300, 301, 301, 301, 301, 301, 301, 302, 302, 302, 302]
[1, 21, 68, 172, 237, 270, 284, 284, 286, 289, 293, 294, 295, 296, 296, 297, 297, 298, 299, 300, 300, 300, 300, 300, 300, 300]
