[1, 10, 16, 30, 88, 120, 140, 156, 165, 169, 174, 177, 178, 179, 182, 182, 182, 182, 183, 183, 183, 184, 184, 185, 185, 185]
[1, 30, 62, 127, 156, 165, 171, 178, 180, 183, 187, 187, 188, 189, 191, 193, 193, 193, 193, 193, 193, 194, 194, 194, 194, 194]
[1, 36, 97, 145, 172, 179, 184, 185, 185, 187, 187, 188, 190, 190, 191, 191, 191, 191, 191, 191, 191, 191, 192, 193, 194, 194]
[1, 34, 57, 99, 143, 164, 169, 176, 179, 187, 189, 189, 189, 190, 190, 191, 191, 191, 191, 191, 191, 191, 191, 192, 192, 192]
[1, 31, 56, 103, 138, 152, 164, 169, 172, 178, 183, 185, 186, 186, 186, 188, 188, 188, 188, 188, 188, 188, 188, 188, 188, 188]
[1, 16, 29, 73, 136, 159, 167, 175, 179, 180, 181, 182, 183, 184, 186, 187, 187, 188, 188, 189, 190, 190, 190, 190, 190, 190]
[1, 29, 60, 114, 145, 162, 170, 181, 184, 185, 185, 186, 188, 190, 191, 192, 192, 192, 192, 192, 192, 192, 192, 192, 192, 192]
[1, 18, 47, 110, 139, 155, 164, 172, 178, 180, 183, 184, 185, 186, 186, 187, 187, 187, 187, 187, 188, 189, 189, 189, 189, 189]
[1, 15, 34, 80, 114, 142, 157, 168, 175, 179, 182, 183, 185, 185, 185, 186, 186, 186, 186, 186, 186, 186, 187, 187, 187, 188]
[1, 23, 45, 102, 135, 157, 166, 172, 177, 180, 181, 183, 184, 184, 186, 186, 186, 186, 187, 190, 191, 191, 191, 191, 191, 191]
[1, 43, 73, 124, 152, 161, 171, 177, 181, 184, 187, 187, 187, 187, 188, 188, 188, 189, 191, 191, 191, 191, 191, 191, 191, 191]
[1, 37, 99, 156, 177, 190, 194, 198, 200, 201, 203, 203, 205, 205, 205, 205, 205, 205, 205, 205, 205, 205, 205, 205, 205, 205]
[1, 16, 32, 86, 136, 153, 165, 175, 179, 182, 183, 183, 185, 186, 186, 186, 186, 188, 188, 189, 189, 189, 189, 189, 189, 189]
[1, 31, 51, 112, 147, 169, 175, 180, 183, 185, 186, 188, 189, 189, 189, 190, 190, 190, 190, 190, 190, 190, 190, 190, 190, 190]
[1, 7, 12, 38, 94, 134, 154, 168, 175, 179, 181, 183, 183, 184, 184, 185, 185, 185, 187, 187, 187, 188, 188, 188, 189, 190]
[1, 20, 56, 115, 145, 159, 163, 170, 176, 177, 179, 180, 181, 182, 182, 182, 183, 184, 185, 185, 185, 185, 185, 185, 185, 185]
[1, 20, 44, 96, 139, 155, 161, 165, 168, 172, 175, 179, 181, 182, 182, 182, 183, 184, 184, 185, 185, 185, 185, 185, 185, 185]
[1, 16, 23, 51, 90, 127, 154, 165, 174, 175, 176, 176, 178, 180, 182, 183, 183, 183, 183, 183, 183, 184, 184, 184, 184, 184]
[1, 11, 16, 36, 88, 131, 155, 162, 167, 174, 178, 180, 180, 180, 180, 180, 180, 181, 181, 182, 182, 182, 182, 182, 182, 182]
[1, 21, 37, 86, 132, 150, 161, 168, 171, 175, 177, 180, 182, 182, 183, 184, 185, 187, 188, 188, 190, 190, 191, 191, 191, 191]
[1, 42, 108, 148, 165, 175, 179, 184, 187, 189, 190, 192, 193, 195, 195, 195, 196, 198, 198, 198, 198, 198, 198, 198, 198, 198]
[1, 8, 16, 59, 111, 143, 160, 169, 175, 180, 183, 184, 184, 184, 184, 184, 184, 186, 186, 186, 186, 186, 186, 186, 186, 186]
[1, 4, 8, 16, 52, 115, 142, 155, 168, 170, 176, 178, 180, 181, 183, 186, 186, 186, 186, 186, 188, 188, 188, 188, 189, 189]
[1, 16, 31, 78, 125, 154, 168, 173, 176, 179, 182, 183, 183, 183, 183, 185, 185, 185, 186, 187, 187, 189, 189, 189, 189, 189]
[1, 28, 68, 118, 150, 158, 168, 176, 180, 183, 185, 187, 189, 192, 192, 193, 193, 193, 193, 194, 194, 195, 195, 195, 195, 195]
