[1, 13, 29, 61, 86, 106, 117, 123, 133, 139, 147, 152, 155, 160, 160, 163, 163, 165, 165, 165, 165, 166, 166, 166, 166, 166]
[1, 3, 6, 18, 48, 83, 115, 135, 141, 147, 154, 159, 162, 163, 166, 168, 170, 172, 172, 174, 174, 174, 174, 174, 176, 176]
[1, 2, 4, 11, 38, 73, 109, 130, 139, 145, 152, 159, 160, 161, 164, 165, 166, 168, 168, 168, 168, 169, 169, 170, 170, 170]
[1, 5, 7, 10, 22, 40, 77, 107, 128, 136, 142, 145, 150, 152, 156, 157, 159, 160, 160, 161, 162, 162, 162, 163, 164, 165]
[1, 4, 5, 13, 42, 78, 104, 122, 131, 142, 144, 149, 152, 154, 155, 158, 161, 162, 165, 167, 169, 169, 169, 171, 171, 171]
[1, 1, 1, 2, 2, 2, 2, 2, 2, 2, 2, 2, 2, 2, 2, 2, 2, 2, 2, 2, 2, 2, 2, 2, 2, 2]
[1, 8, 36, 77, 104, 121, 130, 140, 145, 149, 154, 157, 158, 160, 161, 163, 164, 164, 165, 165, 165, 166, 169, 170, 170, 171]
[1, 1, 1, 1, 2, 2, 2, 2, 3, 4, 12, 33, 79, 114, 124, 143, 152, 155, 159, 159, 161, 163, 165, 167, 168, 168]
[1, 9, 25, 58, 96, 119, 131, 144, 148, 154, 156, 157, 158, 159, 159, 160, 160, 160, 160, 161, 162, 163, 166, 166, 166, 166]
[1, 1, 2, 3, 6, 13, 26, 52, 78, 112, 125, 137, 146, 149, 152, 155, 156, 160, 160, 161, 161, 164, 166, 167, 167, 167]
[1, 1, 1, 1, 1, 1, 1, 1, 1, 1, 1, 1, 1, 1, 1, 1, 1, 1, 1, 1, 1, 1, 1, 1, 1, 1]
[1, 8, 16, 45, 82, 105, 125, 129, 134, 139, 143, 146, 151, 154, 155, 157, 158, 158, 158, 158, 160, 161, 161, 162, 163, 163]
[1, 2, 3, 4, 13, 44, 79, 107, 128, 134, 146, 154, 156, 162, 163, 166, 167, 168, 170, 170, 170, 170, 170, 171, 171, 171]
[1, 5, 16, 40, 75, 106, 125, 138, 151, 155, 159, 159, 160, 161, 161, 163, 164, 165, 166, 168, 168, 171, 171, 171, 172, 172]
[1, 13, 42, 81, 105, 123, 135, 141, 147, 149, 155, 159, 159, 161, 162, 164, 166, 167, 170, 172, 172, 172, 172, 173, 173, 173]
[1, 17, 38, 64, 101, 123, 133, 139, 143, 147, 150, 156, 158, 160, 160, 160, 161, 162, 162, 164, 164, 167, 168, 169, 169, 169]
[1, 14, 48, 80, 101, 120, 132, 139, 146, 151, 158, 160, 161, 164, 164, 165, 166, 169, 172, 174, 174, 174, 175, 175, 175, 175]
[1, 3, 4, 8, 21, 47, 81, 103, 118, 126, 134, 139, 142, 142, 146, 150, 151, 151, 152, 152, 154, 154, 154, 156, 156, 156]
[1, 4, 14, 41, 71, 103, 123, 132, 144, 148, 151, 154, 157, 160, 164, 165, 166, 167, 169, 169, 169, 169, 169, 169, 169, 169]
[1, 9, 38, 75, 107, 121, 135, 144, 149, 153, 162, 164, 166, 167, 169, 169, 171, 172, 173, 173, 174, 175, 176, 177, 178, 179]
[1, 1, 1, 1, 1, 2, 6, 12, 21, 49, 75, 97, 115, 125, 134, 141, 143, 150, 152, 157, 159, 160, 161, 162, 162, 163]
[1, 3, 9, 28, 66, 104, 118, 129, 135, 137, 141, 143, 145, 150, 153, 154, 155, 156, 159, 160, 160, 163, 164, 166, 166, 166]
[1, 4, 6, 10, 18, 44, 77, 109, 131, 141, 149, 151, 156, 159, 159, 162, 164, 165, 165, 165, 165, 166, 166, 166, 167, 167]
[1, 12, 43, 75, 97, 117, 135, 142, 146, 146, 151, 154, 157, 159, 160, 161, 164, 167, 167, 169, 170, 171, 171, 171, 171, 171]
[1, 3, 4, 9, 20, 54, 95, 117, 134, 141, 147, 157, 160, 161, 162, 162, 164, 165, 165, 165, 168, 168, 168, 168, 168, 168]
