[1, 5, 9, 31, 143, 366, 518, 611, 668, 716, 756, 787, 809, 826, 839, 857, 862, 869, 875, 886, 892, 897, 900, 902, 906, 908]
[1, 29, 79, 265, 486, 623, 698, 730, 768, 795, 815, 834, 849, 864, 881, 899, 907, 912, 916, 919, 921, 922, 924, 924, 925, 925]
[1, 1, 1, 1, 1, 1, 1, 1, 1, 1, 1, 1, 1, 1, 1, 1, 1, 1, 1, 1, 1, 1, 1, 1, 1, 1]
[1, 36, 118, 348, 556, 659, 710, 746, 776, 807, 827, 843, 853, 862, 872, 878, 886, 889, 892, 896, 899, 900, 902, 909, 910, 912]
[1, 57, 178, 378, 556, 664, 718, 762, 793, 821, 841, 854, 869, 880, 886, 892, 898, 900, 906, 909, 910, 915, 917, 920, 924, 925]
[1, 1, 1, 1, 1, 1, 1, 1, 1, 1, 1, 1, 1, 1, 1, 1, 1, 1, 1, 1, 1, 1, 1, 1, 1, 1]
[1, 38, 112, 315, 500, 610, 682, 726, 759, 781, 799, 815, 822, 835, 844, 853, 861, 866, 869, 872, 877, 879, 881, 884, 888, 890]
[1, 2, 2, 2, 2, 2, 2, 2, 2, 2, 2, 2, 2, 2, 2, 2, 2, 2, 2, 2, 2, 2, 2, 2, 2, 2]
[1, 43, 128, 348, 539, 644, 708, 753, 792, 815, 837, 853, 868, 880, 881, 889, 895, 903, 906, 908, 914, 917, 925, 927, 928, 930]
[1, 13, 128, 285, 509, 652, 727, 777, 811, 848, 864, 875, 886, 895, 900, 906, 910, 916, 923, 928, 931, 934, 936, 938, 940, 940]
[1, 10, 20, 59, 269, 479, 615, 697, 739, 783, 811, 832, 853, 858, 872, 884, 891, 901, 906, 909, 914, 915, 919, 921, 924, 927]
[1, 16, 40, 112, 338, 520, 621, 679, 721, 765, 793, 822, 840, 854, 864, 875, 889, 893, 899, 903, 909, 911, 913, 915, 920, 921]
[1, 4, 4, 4, 5, 14, 59, 245, 496, 629, 700, 740, 779, 800, 821, 837, 851, 863, 872, 883, 889, 896, 901, 908, 910, 913]
[1, 62, 178, 414, 571, 661, 740, 781, 825, 842, 858, 868, 874, 882, 886, 890, 896, 901, 902, 905, 910, 914, 916, 918, 919, 923]
[1, 17, 55, 205, 427, 565, 652, 717, 756, 781, 802, 817, 823, 832, 840, 850, 856, 864, 872, 872, 875, 881, 884, 887, 889, 892]
[1, 1, 1, 1, 1, 1, 1, 1, 1, 1, 1, 1, 1, 1, 1, 1, 1, 1, 1, 1, 1, 1, 1, 1, 1, 1]
[1, 12, 19, 39, 138, 393, 537, 639, 707, 761, 780, 807, 826, 837, 845, 859, 869, 876, 889, 895, 899, 905, 909, 912, 915, 916]
[1, 63, 162, 358, 566, 669, 723, 763, 786, 806, 833, 847, 860, 864, 879, 891, 896, 904, 907, 912, 914, 918, 921, 922, 928, 930]
[1, 1, 1, 1, 1, 1, 1, 1, 1, 1, 1, 1, 1, 1, 1, 1, 1, 1, 1, 1, 1, 1, 1, 1, 1, 1]
[1, 1, 2, 2, 3, 9, 40, 192, 417, 572, 664, 734, 766, 782, 803, 822, 830, 841, 852, 861, 870, 876, 878, 882, 884, 886]
[1, 12, 46, 173, 423, 574, 656, 703, 746, 777, 798, 814, 825, 834, 842, 850, 856, 864, 866, 872, 875, 881, 885, 890, 892, 893]
[1, 1, 1, 2, 7, 9, 17, 153, 337, 548, 653, 717, 759, 794, 820, 836, 853, 866, 879, 888, 892, 898, 905, 909, 911, 917]
[1, 1, 2, 16, 76, 266, 504, 626, 710, 767, 797, 822, 839, 854, 872, 883, 889, 893, 903, 910, 918, 918, 919, 923, 924, 926]
[1, 1, 2, 7, 13, 39, 158, 384, 541, 634, 684, 730, 766, 800, 811, 825, 844, 856, 864, 869, 876, 880, 883, 885, 889, 890]
[1, 2, 7, 40, 312, 507, 625, 707, 763, 808, 828, 856, 875, 888, 895, 904, 911, 918, 921, 926, 927, 931, 936, 939, 939, 942]
