[1, 5, 18, 45, 85, 101, 115, 120, 129, 135, 139, 141, 143, 148, 149, 153, 153, 153, 154, 156, 157, 158, 158, 158, 159, 159]
[1, 5, 11, 32, 60, 85, 99, 109, 121, 129, 135, 137, 137, 139, 140, 140, 141, 142, 143, 148, 148, 148, 149, 149, 150, 151]
[1, 3, 5, 15, 40, 59, 78, 90, 96, 113, 120, 125, 129, 136, 137, 138, 138, 140, 142, 143, 143, 143, 143, 143, 143, 145]
[1, 7, 16, 33, 69, 92, 107, 117, 126, 130, 134, 135, 139, 141, 141, 141, 142, 142, 143, 146, 148, 149, 149, 150, 151, 151]
[1, 10, 19, 42, 75, 93, 108, 121, 133, 138, 140, 142, 142, 144, 144, 145, 146, 148, 148, 149, 149, 149, 150, 151, 153, 153]
[1, 2, 2, 2, 2, 2, 2, 2, 2, 2, 2, 2, 2, 2, 2, 2, 2, 2, 2, 2, 2, 2, 2, 2, 2, 2]
[1, 3, 4, 4, 4, 4, 4, 4, 4, 4, 4, 4, 4, 4, 4, 4, 4, 4, 4, 4, 4, 4, 4, 4, 4, 4]
[1, 4, 17, 36, 65, 88, 103, 110, 117, 122, 129, 131, 134, 136, 137, 138, 140, 141, 141, 141, 142, 142, 143, 143, 143, 144]
[1, 5, 7, 13, 24, 54, 80, 100, 115, 126, 132, 136, 138, 142, 142, 144, 146, 147, 150, 150, 151, 151, 152, 153, 153, 153]
[1, 19, 32, 64, 93, 108, 125, 138, 141, 145, 148, 151, 152, 153, 153, 153, 153, 153, 153, 154, 156, 156, 156, 156, 156, 157]
[1, 6, 7, 9, 16, 29, 53, 74, 88, 100, 107, 112, 122, 130, 133, 134, 136, 139, 139, 142, 142, 143, 144, 145, 145, 145]
[1, 19, 33, 58, 94, 112, 128, 130, 137, 140, 143, 144, 146, 147, 147, 149, 150, 150, 152, 153, 153, 154, 154, 155, 156, 157]
[1, 3, 6, 19, 46, 64, 77, 86, 94, 101, 107, 112, 115, 117, 120, 125, 125, 126, 127, 127, 128, 130, 130, 131, 131, 132]
[1, 3, 8, 12, 35, 58, 89, 109, 118, 122, 125, 127, 129, 131, 132, 133, 136, 137, 137, 137, 139, 140, 142, 142, 145, 146]
[1, 3, 5, 7, 33, 59, 82, 95, 102, 107, 112, 117, 122, 130, 131, 135, 137, 139, 139, 140, 142, 142, 142, 142, 142, 142]
[1, 2, 3, 16, 44, 72, 93, 100, 109, 117, 120, 128, 130, 133, 133, 136, 138, 139, 142, 144, 145, 146, 147, 149, 149, 149]
[1, 24, 37, 62, 82, 104, 117, 126, 135, 139, 143, 146, 147, 147, 148, 148, 148, 149, 150, 151, 151, 151, 151, 151, 151, 151]
[1, 4, 10, 17, 44, 71, 85, 100, 110, 122, 129, 132, 134, 142, 144, 147, 148, 149, 151, 151, 151, 153, 154, 154, 154, 155]
[1, 5, 14, 41, 61, 77, 93, 103, 110, 114, 116, 118, 118, 121, 124, 126, 126, 126, 127, 128, 129, 130, 130, 131, 131, 131]
[1, 6, 12, 22, 45, 71, 101, 116, 123, 134, 140, 142, 144, 144, 147, 148, 149, 149, 150, 150, 151, 151, 151, 151, 151, 151]
[1, 10, 20, 38, 63, 84, 96, 110, 115, 121, 129, 130, 131, 136, 138, 138, 140, 142, 143, 143, 144, 144, 145, 146, 146, 146]
[1, 6, 11, 22, 45, 68, 96, 109, 119, 124, 128, 129, 129, 130, 133, 134, 135, 136, 136, 137, 139, 140, 142, 143, 143, 143]
[1, 20, 41, 71, 100, 113, 118, 124, 128, 130, 133, 137, 138, 140, 142, 142, 142, 142, 143, 143, 144, 145, 145, 145, 145, 145]
[1, 6, 11, 33, 56, 79, 99, 107, 115, 121, 127, 131, 132, 133, 134, 135, 136, 136, 136, 136, 138, 139, 139, 139, 140, 141]
[1, 5, 14, 32, 67, 87, 100, 108, 120, 121, 128, 131, 132, 135, 139, 140, 142, 143, 144, 144, 145, 146, 146, 148, 148, 148]
