[1, 4, 9, 24, 83, 248, 512, 662, 735, 784, 817, 846, 869, 882, 891, 905, 912, 917, 921, 925, 929, 931, 932, 935, 937, 940]
[1, 9, 77, 215, 462, 602, 682, 747, 785, 816, 832, 848, 865, 880, 890, 895, 899, 904, 910, 912, 914, 915, 916, 919, 919, 920]
[1, 29, 127, 376, 592, 702, 756, 792, 818, 838, 858, 870, 880, 887, 890, 898, 901, 904, 909, 916, 918, 919, 921, 923, 925, 927]
[1, 9, 25, 119, 281, 536, 668, 739, 791, 811, 830, 845, 849, 866, 876, 883, 890, 895, 900, 903, 906, 910, 913, 915, 916, 917]
[1, 2, 2, 3, 11, 44, 162, 365, 545, 645, 703, 746, 770, 802, 814, 834, 841, 851, 856, 866, 870, 875, 877, 881, 887, 890]
[1, 12, 60, 194, 494, 655, 757, 819, 841, 861, 881, 896, 910, 917, 926, 932, 937, 938, 941, 945, 949, 950, 952, 952, 952, 952]
[1, 4, 10, 20, 74, 170, 381, 573, 680, 745, 781, 808, 827, 840, 855, 866, 871, 880, 883, 888, 888, 891, 894, 895, 896, 896]
[1, 13, 40, 170, 408, 597, 695, 745, 772, 797, 820, 836, 851, 863, 870, 883, 886, 892, 896, 902, 906, 910, 912, 914, 914, 916]
[1, 12, 39, 163, 382, 588, 693, 769, 805, 838, 855, 871, 882, 889, 899, 906, 914, 915, 916, 922, 923, 924, 925, 925, 926, 928]
[1, 6, 22, 69, 255, 510, 636, 703, 748, 790, 812, 835, 854, 871, 886, 896, 904, 909, 915, 917, 918, 925, 928, 934, 935, 936]
[1, 2, 2, 2, 2, 2, 2, 2, 2, 2, 2, 2, 2, 2, 2, 2, 2, 2, 2, 2, 2, 2, 2, 2, 2, 2]
[1, 4, 19, 47, 107, 283, 531, 677, 753, 800, 833, 854, 876, 891, 903, 915, 917, 925, 927, 932, 937, 938, 942, 949, 949, 950]
[1, 1, 1, 1, 1, 1, 1, 1, 1, 1, 1, 1, 1, 1, 1, 1, 1, 1, 1, 1, 1, 1, 1, 1, 1, 1]
[1, 5, 20, 62, 158, 385, 571, 668, 735, 779, 811, 829, 849, 862, 868, 879, 886, 889, 891, 896, 900, 901, 904, 905, 912, 913]
[1, 7, 31, 93, 204, 445, 601, 706, 760, 800, 823, 839, 850, 861, 876, 884, 891, 898, 900, 907, 907, 908, 910, 911, 912, 916]
[1, 1, 1, 1, 2, 8, 24, 129, 273, 501, 659, 741, 804, 835, 860, 879, 897, 910, 914, 921, 930, 934, 939, 943, 944, 946]
[1, 2, 6, 40, 125, 328, 535, 653, 719, 754, 778, 804, 818, 831, 842, 854, 862, 869, 874, 878, 881, 882, 885, 888, 890, 892]
[1, 3, 3, 4, 10, 34, 87, 270, 558, 706, 767, 820, 852, 881, 897, 912, 928, 939, 948, 956, 961, 967, 967, 968, 969, 973]
[1, 1, 1, 1, 1, 1, 1, 1, 1, 1, 1, 1, 1, 1, 1, 1, 1, 1, 1, 1, 1, 1, 1, 1, 1, 1]
[1, 7, 60, 208, 461, 618, 722, 766, 801, 831, 853, 873, 889, 897, 904, 912, 913, 919, 927, 932, 932, 936, 939, 939, 942, 942]
[1, 26, 56, 210, 432, 621, 726, 764, 798, 820, 840, 852, 860, 876, 882, 886, 890, 893, 897, 898, 903, 906, 907, 908, 908, 910]
[1, 4, 12, 42, 147, 475, 666, 765, 822, 863, 887, 906, 917, 923, 932, 941, 947, 956, 959, 965, 966, 966, 968, 970, 973, 975]
[1, 31, 110, 388, 577, 682, 751, 788, 810, 841, 857, 878, 891, 904, 914, 923, 926, 931, 932, 935, 938, 941, 943, 944, 946, 947]
[1, 2, 2, 5, 13, 29, 116, 289, 513, 665, 730, 782, 816, 842, 862, 877, 887, 896, 900, 905, 906, 908, 909, 914, 916, 919]
[1, 4, 13, 35, 126, 278, 517, 649, 717, 770, 809, 823, 844, 857, 865, 875, 888, 892, 900, 903, 905, 910, 914, 915, 918, 919]
