[1, 2, 19, 73, 219, 393, 514, 595, 643, 677, 702, 715, 728, 734, 742, 750, 755, 763, 766, 768, 768, 768, 769, 774, 775, 776]
[1, 14, 46, 163, 377, 524, 616, 664, 692, 712, 728, 742, 753, 761, 767, 772, 775, 776, 782, 785, 786, 787, 788, 791, 793, 795]
[1, 3, 19, 109, 270, 443, 544, 590, 628, 669, 690, 703, 715, 724, 731, 734, 739, 746, 751, 755, 757, 759, 760, 761, 761, 761]
[1, 5, 8, 32, 122, 282, 425, 527, 586, 632, 651, 672, 690, 708, 722, 730, 736, 743, 752, 757, 758, 760, 763, 764, 766, 766]
[1, 16, 47, 157, 369, 510, 598, 647, 682, 694, 710, 719, 726, 734, 745, 755, 759, 761, 765, 765, 765, 768, 771, 774, 775, 775]
[1, 8, 51, 195, 388, 527, 602, 641, 674, 703, 727, 740, 749, 762, 770, 773, 777, 779, 780, 782, 785, 790, 790, 790, 791, 793]
[1, 3, 7, 67, 228, 402, 527, 601, 654, 686, 709, 723, 735, 747, 754, 757, 766, 772, 775, 777, 779, 782, 786, 788, 788, 791]
[1, 4, 11, 37, 169, 409, 544, 627, 675, 705, 731, 750, 761, 767, 773, 783, 788, 791, 797, 800, 801, 802, 805, 806, 806, 806]
[1, 13, 18, 34, 152, 371, 520, 593, 638, 675, 692, 714, 728, 739, 752, 759, 765, 769, 771, 775, 778, 780, 781, 781, 782, 783]
[1, 10, 29, 97, 297, 465, 581, 636, 672, 703, 717, 733, 740, 750, 758, 765, 768, 770, 772, 772, 773, 778, 781, 781, 782, 782]
[1, 7, 13, 43, 171, 392, 524, 603, 648, 681, 709, 725, 744, 752, 760, 771, 776, 781, 782, 786, 789, 792, 795, 796, 797, 798]
[1, 15, 71, 243, 454, 569, 631, 663, 698, 722, 736, 748, 761, 773, 776, 782, 784, 789, 793, 794, 798, 799, 801, 801, 804, 805]
[1, 16, 76, 232, 433, 553, 628, 671, 696, 723, 739, 751, 758, 767, 780, 785, 790, 794, 796, 799, 803, 805, 810, 811, 813, 813]
[1, 7, 51, 193, 412, 537, 616, 675, 701, 719, 741, 751, 760, 767, 776, 783, 789, 790, 791, 794, 795, 796, 797, 797, 798, 798]
[1, 14, 54, 202, 400, 503, 580, 622, 653, 678, 693, 705, 714, 722, 725, 732, 736, 739, 745, 750, 750, 753, 755, 757, 759, 760]
[1, 1, 2, 12, 92, 290, 485, 585, 637, 680, 708, 728, 738, 749, 756, 764, 769, 771, 775, 776, 781, 784, 787, 788, 788, 790]
[1, 11, 37, 200, 412, 531, 611, 653, 690, 706, 730, 743, 752, 761, 771, 776, 778, 781, 784, 786, 786, 786, 788, 788, 788, 789]
[1, 6, 24, 120, 322, 489, 566, 616, 658, 681, 705, 716, 732, 741, 749, 754, 758, 759, 765, 771, 773, 775, 776, 778, 778, 779]
[1, 5, 37, 157, 381, 540, 602, 643, 682, 708, 723, 736, 749, 754, 760, 762, 767, 770, 772, 773, 776, 778, 781, 782, 783, 784]
[1, 13, 37, 126, 342, 512, 597, 641, 678, 704, 727, 737, 753, 764, 772, 778, 782, 786, 790, 790, 793, 793, 795, 798, 802, 803]
[1, 6, 8, 15, 48, 213, 425, 549, 613, 658, 685, 700, 720, 734, 741, 749, 760, 763, 768, 771, 774, 775, 779, 779, 782, 783]
[1, 3, 3, 3, 3, 4, 5, 16, 41, 123, 318, 478, 570, 614, 650, 682, 706, 724, 736, 744, 750, 759, 762, 766, 772, 773]
[1, 2, 4, 9, 22, 96, 258, 426, 545, 612, 662, 693, 715, 726, 739, 745, 751, 756, 764, 767, 770, 772, 773, 774, 776, 777]
[1, 10, 14, 52, 209, 427, 564, 635, 672, 695, 712, 727, 744, 755, 764, 771, 774, 778, 780, 781, 781, 782, 782, 783, 784, 785]
[1, 2, 3, 6, 15, 47, 142, 352, 515, 596, 649, 688, 713, 730, 744, 749, 755, 760, 763, 765, 768, 773, 776, 779, 780, 781]
