[1, 3, 5, 5, 6, 6, 6, 7, 14, 30, 63, 107, 146, 163, 175, 182, 189, 190, 192, 194, 195, 198, 198, 201, 204, 204]
[1, 2, 5, 21, 50, 109, 136, 149, 162, 171, 179, 182, 183, 185, 186, 186, 189, 190, 190, 190, 190, 190, 190, 190, 190, 190]
[1, 3, 7, 10, 33, 74, 121, 148, 165, 171, 177, 186, 193, 193, 194, 196, 196, 196, 196, 196, 196, 196, 196, 196, 196, 196]
[1, 2, 2, 3, 7, 12, 33, 78, 118, 155, 168, 175, 181, 189, 190, 190, 190, 192, 194, 194, 197, 197, 197, 197, 197, 197]
[1, 1, 1, 1, 1, 2, 9, 28, 71, 116, 150, 166, 173, 183, 191, 197, 198, 198, 198, 198, 200, 201, 201, 202, 202, 203]
[1, 1, 1, 1, 1, 1, 1, 1, 1, 1, 1, 1, 1, 1, 1, 1, 1, 1, 1, 1, 1, 1, 1, 1, 1, 1]
[1, 1, 2, 11, 35, 87, 140, 162, 171, 178, 179, 182, 183, 187, 190, 192, 193, 194, 195, 195, 195, 197, 197, 197, 197, 197]
[1, 4, 21, 60, 113, 151, 165, 175, 187, 191, 194, 196, 196, 197, 197, 197, 197, 197, 197, 198, 198, 198, 198, 198, 198, 198]
[1, 3, 4, 10, 27, 67, 116, 151, 159, 165, 170, 173, 180, 185, 186, 186, 188, 188, 189, 189, 189, 189, 191, 192, 193, 193]
[1, 2, 2, 3, 7, 21, 65, 126, 157, 169, 181, 185, 186, 191, 193, 194, 195, 197, 197, 197, 197, 197, 197, 197, 197, 197]
[1, 5, 15, 44, 93, 132, 156, 169, 172, 181, 189, 191, 193, 194, 195, 195, 196, 196, 196, 196, 196, 196, 196, 196, 196, 196]
[1, 1, 1, 1, 1, 1, 1, 1, 1, 1, 1, 1, 1, 1, 1, 1, 1, 1, 1, 1, 1, 1, 1, 1, 1, 1]
[1, 2, 3, 4, 10, 17, 33, 84, 123, 149, 166, 176, 183, 186, 190, 192, 193, 195, 196, 198, 200, 201, 201, 202, 204, 204]
[1, 1, 2, 4, 4, 10, 33, 78, 134, 151, 158, 165, 166, 171, 177, 180, 180, 184, 186, 187, 187, 188, 189, 189, 190, 190]
[1, 2, 2, 6, 19, 55, 93, 129, 150, 158, 162, 166, 169, 173, 174, 175, 179, 179, 181, 182, 183, 184, 184, 184, 184, 185]
[1, 1, 1, 2, 3, 3, 3, 3, 3, 3, 3, 3, 3, 3, 3, 3, 3, 3, 3, 3, 3, 3, 3, 3, 3, 3]
[1, 4, 4, 6, 16, 47, 93, 127, 150, 160, 167, 169, 173, 176, 178, 181, 182, 184, 184, 186, 188, 188, 189, 189, 189, 190]
[1, 3, 5, 7, 31, 71, 120, 152, 170, 175, 183, 188, 191, 193, 195, 196, 197, 198, 198, 198, 198, 198, 198, 198, 198, 198]
[1, 1, 1, 1, 1, 1, 1, 1, 1, 1, 1, 1, 1, 1, 1, 1, 1, 1, 1, 1, 1, 1, 1, 1, 1, 1]
[1, 1, 2, 2, 3, 8, 17, 41, 90, 123, 146, 161, 167, 172, 176, 183, 186, 189, 190, 190, 191, 191, 191, 192, 192, 192]
[1, 1, 1, 1, 1, 1, 1, 1, 1, 1, 1, 1, 1, 1, 1, 1, 1, 1, 1, 1, 1, 2, 5, 18, 44, 100]
[1, 3, 6, 10, 14, 31, 93, 134, 165, 176, 186, 188, 191, 193, 196, 198, 199, 199, 201, 201, 201, 201, 201, 201, 201, 201]
[1, 1, 1, 1, 1, 1, 1, 1, 1, 1, 1, 1, 1, 1, 1, 1, 1, 1, 1, 1, 1, 1, 1, 1, 1, 1]
[1, 3, 11, 29, 70, 106, 131, 150, 159, 167, 174, 176, 179, 180, 184, 185, 185, 186, 188, 188, 188, 189, 190, 191, 191, 191]
[1, 1, 1, 1, 1, 1, 1, 2, 7, 17, 32, 67, 117, 152, 167, 175, 178, 186, 188, 192, 193, 193, 193, 194, 196, 196]
