[1, 10, 45, 225, 521, 731, 864, 935, 996, 1036, 1057, 1070, 1079, 1090, 1101, 1105, 1111, 1119, 1124, 1128, 1133, 1141, 1143, 1145, 1148, 1148]
[1, 2, 7, 30, 149, 431, 697, 834, 920, 979, 1022, 1053, 1072, 1085, 1095, 1102, 1108, 1115, 1119, 1125, 1129, 1131, 1132, 1135, 1136, 1136]
[1, 5, 7, 15, 50, 213, 503, 720, 841, 899, 948, 990, 1017, 1036, 1052, 1065, 1070, 1073, 1077, 1086, 1092, 1094, 1096, 1098, 1101, 1105]
[1, 1, 4, 22, 129, 430, 678, 798, 893, 955, 993, 1009, 1029, 1040, 1054, 1070, 1080, 1089, 1097, 1100, 1106, 1108, 1110, 1114, 1118, 1119]
[1, 9, 68, 268, 564, 786, 895, 968, 1010, 1046, 1074, 1097, 1119, 1129, 1141, 1148, 1151, 1156, 1157, 1159, 1159, 1160, 1160, 1161, 1162, 1163]
[1, 1, 1, 1, 1, 1, 1, 1, 1, 1, 1, 1, 1, 1, 1, 1, 1, 1, 1, 1, 1, 1, 1, 1, 1, 1]
[1, 2, 3, 5, 17, 83, 242, 522, 739, 871, 948, 999, 1038, 1062, 1077, 1092, 1104, 1113, 1118, 1123, 1126, 1130, 1132, 1135, 1138, 1141]
[1, 2, 3, 18, 52, 207, 533, 779, 870, 954, 1003, 1037, 1060, 1079, 1089, 1106, 1117, 1122, 1128, 1131, 1133, 1137, 1139, 1142, 1144, 1145]
[1, 2, 2, 4, 21, 109, 296, 610, 775, 868, 936, 992, 1029, 1048, 1057, 1069, 1090, 1094, 1098, 1101, 1110, 1113, 1115, 1119, 1123, 1126]
[1, 1, 3, 44, 175, 442, 684, 829, 906, 963, 993, 1020, 1034, 1044, 1054, 1062, 1067, 1076, 1084, 1090, 1093, 1094, 1095, 1098, 1102, 1104]
[1, 1, 1, 1, 1, 1, 1, 1, 1, 1, 1, 1, 1, 1, 1, 1, 1, 1, 1, 1, 1, 1, 1, 1, 1, 1]
[1, 15, 99, 355, 630, 798, 898, 964, 1004, 1029, 1044, 1060, 1068, 1080, 1091, 1101, 1105, 1110, 1115, 1120, 1121, 1123, 1126, 1127, 1127, 1127]
[1, 1, 1, 1, 1, 1, 1, 1, 1, 1, 1, 1, 1, 1, 1, 1, 1, 1, 1, 1, 1, 1, 1, 1, 1, 1]
[1, 3, 4, 5, 7, 18, 106, 356, 609, 765, 880, 936, 976, 1004, 1025, 1043, 1054, 1062, 1071, 1081, 1085, 1093, 1096, 1097, 1100, 1101]
[1, 9, 52, 181, 488, 724, 841, 913, 968, 1012, 1042, 1057, 1070, 1088, 1099, 1107, 1112, 1120, 1124, 1126, 1138, 1142, 1148, 1149, 1149, 1150]
[1, 1, 1, 1, 2, 4, 24, 110, 431, 713, 864, 948, 998, 1038, 1070, 1088, 1099, 1108, 1119, 1126, 1130, 1134, 1137, 1140, 1143, 1143]
[1, 16, 57, 247, 551, 742, 857, 928, 971, 1013, 1033, 1054, 1067, 1081, 1087, 1097, 1101, 1108, 1115, 1118, 1120, 1123, 1126, 1127, 1129, 1130]
[1, 5, 58, 308, 617, 781, 870, 936, 979, 1013, 1033, 1053, 1068, 1084, 1098, 1104, 1109, 1110, 1113, 1119, 1123, 1125, 1127, 1128, 1130, 1130]
[1, 12, 68, 253, 592, 785, 901, 967, 1014, 1052, 1073, 1089, 1105, 1110, 1120, 1128, 1134, 1137, 1142, 1144, 1145, 1147, 1150, 1153, 1155, 1157]
[1, 15, 103, 331, 600, 782, 890, 954, 1000, 1027, 1048, 1067, 1077, 1089, 1098, 1103, 1110, 1112, 1115, 1117, 1121, 1125, 1126, 1127, 1128, 1130]
[1, 9, 25, 126, 393, 666, 808, 890, 927, 966, 1002, 1029, 1040, 1054, 1069, 1084, 1090, 1097, 1103, 1107, 1112, 1115, 1119, 1125, 1125, 1125]
[1, 1, 1, 1, 1, 1, 1, 1, 1, 1, 1, 1, 1, 1, 1, 1, 1, 1, 1, 1, 1, 1, 1, 1, 1, 1]
[1, 2, 4, 11, 68, 255, 562, 754, 861, 921, 968, 1001, 1020, 1045, 1059, 1066, 1071, 1079, 1085, 1092, 1100, 1102, 1107, 1110, 1115, 1120]
[1, 35, 190, 498, 716, 851, 932, 974, 1007, 1036, 1061, 1078, 1098, 1108, 1117, 1125, 1133, 1137, 1138, 1142, 1146, 1149, 1149, 1152, 1155, 1156]
[1, 1, 1, 1, 1, 1, 1, 1, 1, 1, 1, 1, 1, 1, 1, 1, 1, 1, 1, 1, 1, 1, 1, 1, 1, 1]
