[1, 1, 1, 1, 1, 1, 1, 1, 1, 1, 1, 1, 1, 1, 1, 1, 1, 1, 1, 1, 1, 1, 1, 1, 1, 1]
[1, 2, 2, 2, 3, 3, 6, 24, 90, 366, 697, 893, 1000, 1080, 1117, 1153, 1182, 1205, 1215, 1228, 1237, 1245, 1252, 1257, 1262, 1264]
[1, 5, 16, 60, 287, 579, 800, 951, 1034, 1078, 1118, 1153, 1175, 1188, 1207, 1218, 1223, 1230, 1240, 1249, 1254, 1256, 1261, 1263, 1268, 1268]
[1, 4, 12, 23, 83, 302, 597, 812, 945, 1015, 1068, 1105, 1145, 1173, 1190, 1206, 1214, 1221, 1229, 1234, 1239, 1241, 1246, 1248, 1250, 1251]
[1, 1, 1, 1, 1, 1, 1, 1, 1, 1, 1, 1, 1, 1, 1, 1, 1, 1, 1, 1, 1, 1, 1, 1, 1, 1]
[1, 1, 1, 1, 1, 1, 1, 1, 1, 2, 6, 17, 41, 163, 487, 770, 928, 1033, 1098, 1134, 1168, 1191, 1208, 1221, 1235, 1243]
[1, 5, 12, 33, 195, 499, 730, 886, 988, 1037, 1084, 1117, 1135, 1165, 1187, 1197, 1207, 1217, 1224, 1227, 1230, 1235, 1241, 1246, 1250, 1251]
[1, 1, 1, 1, 1, 1, 1, 1, 1, 1, 1, 1, 1, 1, 1, 1, 1, 1, 1, 1, 1, 1, 1, 1, 1, 1]
[1, 1, 1, 1, 2, 14, 40, 93, 211, 503, 782, 938, 1019, 1079, 1118, 1150, 1181, 1203, 1208, 1216, 1225, 1232, 1235, 1238, 1240, 1243]
[1, 2, 12, 49, 191, 524, 790, 943, 1033, 1084, 1137, 1172, 1190, 1206, 1221, 1236, 1240, 1246, 1256, 1260, 1265, 1270, 1272, 1275, 1275, 1277]
[1, 9, 45, 138, 429, 687, 866, 972, 1041, 1090, 1127, 1157, 1183, 1194, 1212, 1224, 1236, 1242, 1245, 1252, 1254, 1257, 1262, 1263, 1264, 1264]
[1, 1, 1, 1, 1, 1, 1, 1, 1, 1, 1, 1, 1, 1, 1, 1, 1, 1, 1, 1, 1, 1, 1, 1, 1, 1]
[1, 1, 1, 1, 2, 4, 9, 56, 219, 540, 793, 959, 1043, 1108, 1156, 1188, 1202, 1220, 1233, 1246, 1258, 1264, 1269, 1271, 1272, 1278]
[1, 1, 1, 1, 1, 1, 1, 1, 1, 1, 1, 1, 1, 1, 1, 1, 1, 1, 1, 1, 1, 1, 1, 1, 1, 1]
[1, 1, 1, 1, 1, 1, 1, 1, 1, 1, 1, 1, 1, 1, 1, 1, 1, 1, 1, 1, 1, 1, 1, 1, 1, 1]
[1, 1, 1, 1, 1, 1, 1, 1, 1, 1, 1, 1, 1, 1, 1, 1, 1, 1, 1, 1, 1, 1, 1, 1, 1, 1]
[1, 8, 41, 160, 449, 714, 867, 985, 1053, 1101, 1132, 1161, 1173, 1190, 1205, 1214, 1222, 1224, 1227, 1232, 1236, 1243, 1246, 1247, 1248, 1249]
[1, 1, 1, 1, 1, 1, 1, 1, 1, 1, 1, 1, 1, 1, 1, 1, 1, 1, 1, 1, 1, 1, 1, 1, 1, 1]
[1, 3, 26, 167, 472, 748, 922, 1015, 1075, 1116, 1152, 1181, 1200, 1205, 1218, 1229, 1237, 1248, 1249, 1255, 1257, 1258, 1261, 1262, 1263, 1264]
[1, 4, 13, 52, 177, 470, 752, 902, 1004, 1066, 1115, 1146, 1175, 1192, 1203, 1221, 1232, 1241, 1246, 1250, 1254, 1255, 1261, 1264, 1267, 1267]
[1, 1, 1, 1, 1, 1, 1, 1, 1, 1, 1, 1, 1, 1, 1, 1, 1, 1, 1, 1, 1, 1, 1, 1, 1, 1]
[1, 1, 1, 1, 1, 1, 1, 1, 1, 1, 1, 1, 1, 1, 1, 1, 1, 1, 1, 1, 1, 1, 1, 2, 5, 16]
[1, 1, 1, 1, 1, 1, 1, 1, 1, 1, 1, 1, 1, 1, 1, 1, 1, 1, 1, 1, 1, 1, 1, 1, 1, 1]
[1, 1, 2, 5, 13, 55, 200, 487, 736, 898, 1001, 1067, 1103, 1138, 1158, 1174, 1185, 1197, 1205, 1209, 1215, 1218, 1222, 1226, 1231, 1235]
[1, 4, 9, 14, 25, 68, 170, 446, 735, 907, 997, 1050, 1090, 1125, 1157, 1171, 1185, 1198, 1208, 1219, 1226, 1229, 1231, 1235, 1237, 1238]
