[1, 37, 61, 135, 182, 228, 256, 282, 297, 308, 318, 329, 337, 345, 350, 352, 353, 353, 356, 358, 361, 362, 363, 363, 364, 365]
[1, 5, 14, 28, 67, 121, 172, 214, 239, 266, 279, 292, 304, 313, 320, 328, 333, 336, 338, 340, 346, 348, 351, 351, 351, 351]
[1, 31, 48, 89, 139, 204, 240, 265, 284, 299, 310, 314, 319, 329, 336, 340, 345, 346, 348, 351, 351, 354, 358, 360, 360, 360]
[1, 30, 46, 92, 151, 198, 232, 260, 276, 294, 309, 321, 325, 329, 335, 338, 341, 343, 347, 350, 352, 352, 353, 354, 354, 355]
[1, 15, 17, 21, 37, 63, 116, 168, 213, 249, 273, 287, 292, 302, 312, 325, 332, 336, 340, 345, 347, 349, 351, 352, 354, 355]
[1, 93, 122, 184, 239, 274, 296, 310, 320, 336, 343, 355, 364, 366, 371, 373, 379, 381, 383, 385, 388, 390, 390, 393, 395, 395]
[1, 52, 73, 121, 172, 218, 251, 274, 290, 301, 312, 322, 326, 328, 332, 334, 337, 338, 340, 342, 343, 344, 346, 348, 348, 349]
[1, 3, 3, 3, 3, 3, 5, 9, 26, 52, 119, 175, 211, 238, 254, 270, 285, 292, 300, 302, 308, 311, 316, 317, 319, 322]
[1, 10, 10, 12, 13, 17, 29, 68, 142, 181, 223, 247, 275, 287, 304, 310, 319, 325, 332, 333, 335, 338, 339, 341, 343, 343]
[1, 29, 37, 78, 130, 177, 218, 248, 269, 291, 303, 311, 321, 327, 332, 335, 338, 339, 342, 350, 351, 351, 353, 354, 357, 358]
[1, 31, 40, 65, 116, 155, 198, 228, 259, 279, 287, 298, 300, 306, 312, 315, 321, 322, 324, 327, 329, 330, 332, 332, 332, 333]
[1, 22, 28, 40, 72, 116, 171, 217, 244, 264, 286, 303, 311, 317, 323, 325, 327, 333, 337, 337, 337, 338, 339, 340, 342, 342]
[1, 1, 1, 1, 1, 1, 1, 1, 1, 1, 1, 1, 1, 1, 1, 1, 1, 1, 1, 1, 1, 1, 1, 1, 1, 1]
[1, 49, 73, 121, 177, 228, 257, 286, 292, 305, 315, 323, 332, 336, 344, 347, 351, 354, 356, 358, 360, 361, 361, 362, 362, 362]
[1, 45, 76, 136, 192, 228, 257, 274, 293, 305, 318, 324, 333, 339, 340, 341, 342, 344, 346, 347, 347, 349, 350, 351, 351, 351]
[1, 61, 82, 134, 185, 232, 258, 272, 301, 315, 321, 331, 334, 340, 342, 343, 346, 348, 352, 353, 356, 356, 358, 359, 359, 359]
[1, 23, 30, 43, 71, 130, 179, 215, 246, 269, 283, 291, 305, 314, 320, 329, 332, 335, 339, 342, 343, 343, 345, 346, 346, 346]
[1, 57, 82, 125, 188, 233, 263, 291, 321, 334, 340, 342, 349, 354, 357, 358, 362, 368, 370, 370, 370, 372, 373, 374, 375, 376]
[1, 47, 72, 112, 166, 212, 247, 274, 296, 308, 326, 336, 340, 348, 352, 356, 358, 360, 362, 364, 365, 367, 369, 369, 370, 370]
[1, 19, 26, 44, 89, 148, 203, 239, 257, 278, 287, 298, 310, 322, 327, 331, 333, 336, 339, 340, 343, 343, 344, 344, 345, 346]
[1, 20, 39, 93, 163, 213, 252, 276, 290, 306, 310, 318, 322, 328, 335, 338, 341, 345, 347, 347, 347, 347, 348, 348, 349, 349]
[1, 52, 71, 118, 178, 218, 251, 273, 288, 303, 314, 327, 335, 343, 348, 350, 352, 356, 356, 358, 359, 359, 361, 364, 365, 365]
[1, 28, 30, 49, 94, 135, 192, 238, 266, 282, 294, 303, 313, 318, 324, 327, 332, 338, 342, 345, 347, 347, 348, 348, 349, 350]
[1, 6, 8, 12, 24, 49, 103, 156, 191, 225, 245, 266, 281, 292, 303, 305, 310, 313, 317, 320, 326, 327, 328, 329, 329, 329]
[1, 11, 13, 15, 29, 64, 117, 163, 201, 231, 258, 281, 296, 303, 307, 311, 314, 317, 322, 324, 324, 327, 328, 329, 331, 333]
