[1, 15, 44, 82, 117, 134, 148, 157, 164, 166, 168, 172, 173, 174, 175, 175, 176, 176, 178, 178, 180, 180, 180, 180, 180, 180]
[1, 10, 22, 58, 92, 109, 128, 136, 140, 143, 151, 155, 161, 164, 165, 166, 166, 166, 166, 166, 166, 166, 167, 168, 168, 168]
[1, 9, 18, 49, 91, 109, 121, 127, 135, 144, 147, 153, 156, 159, 159, 160, 164, 165, 166, 166, 166, 166, 167, 169, 169, 169]
[1, 37, 75, 121, 146, 155, 166, 168, 178, 188, 189, 189, 189, 190, 190, 191, 192, 193, 193, 194, 194, 194, 194, 194, 194, 194]
[1, 9, 31, 66, 94, 117, 128, 139, 145, 148, 153, 155, 155, 157, 159, 160, 160, 161, 161, 161, 161, 162, 162, 162, 162, 163]
[1, 11, 41, 72, 114, 124, 138, 152, 157, 159, 163, 163, 163, 163, 164, 165, 165, 165, 166, 167, 168, 168, 168, 168, 168, 168]
[1, 6, 16, 42, 80, 118, 131, 137, 149, 152, 154, 156, 157, 158, 163, 165, 166, 166, 166, 166, 166, 166, 167, 167, 167, 167]
[1, 5, 6, 17, 40, 69, 89, 109, 122, 136, 143, 147, 154, 158, 159, 160, 163, 165, 165, 165, 165, 165, 165, 166, 166, 166]
[1, 6, 30, 65, 95, 111, 130, 141, 148, 153, 156, 159, 161, 161, 163, 166, 169, 170, 170, 172, 172, 172, 172, 172, 173, 174]
[1, 10, 40, 91, 109, 126, 135, 145, 155, 161, 166, 166, 167, 169, 170, 172, 175, 176, 176, 177, 177, 178, 178, 178, 178, 178]
[1, 9, 32, 71, 115, 127, 139, 150, 159, 161, 162, 167, 170, 171, 172, 173, 173, 173, 174, 174, 174, 175, 175, 177, 177, 177]
[1, 6, 17, 51, 77, 102, 120, 135, 143, 151, 152, 155, 157, 159, 161, 163, 164, 164, 164, 164, 165, 165, 165, 165, 166, 166]
[1, 7, 20, 50, 101, 123, 140, 152, 160, 163, 168, 170, 172, 173, 175, 175, 176, 178, 179, 179, 179, 180, 180, 180, 180, 180]
[1, 10, 29, 65, 106, 128, 141, 148, 153, 159, 163, 169, 171, 172, 172, 174, 176, 176, 177, 178, 178, 178, 178, 179, 179, 179]
[1, 11, 33, 76, 107, 129, 142, 147, 149, 151, 154, 155, 157, 158, 160, 165, 165, 165, 165, 166, 166, 166, 167, 167, 167, 168]
[1, 25, 51, 91, 125, 142, 154, 157, 158, 160, 165, 172, 173, 173, 175, 176, 176, 177, 177, 179, 180, 181, 181, 181, 181, 182]
[1, 13, 32, 68, 96, 139, 166, 184, 192, 196, 202, 202, 203, 203, 205, 206, 206, 206, 206, 206, 206, 206, 206, 206, 206, 206]
[1, 13, 48, 92, 114, 132, 146, 156, 160, 164, 166, 167, 168, 170, 171, 171, 171, 171, 171, 173, 173, 173, 173, 173, 173, 173]
[1, 10, 37, 80, 116, 131, 144, 152, 159, 162, 164, 165, 167, 167, 167, 168, 168, 168, 168, 169, 169, 169, 169, 169, 169, 170]
[1, 5, 5, 6, 12, 29, 65, 88, 102, 123, 128, 137, 144, 153, 155, 156, 158, 158, 160, 161, 161, 161, 161, 162, 162, 162]
[1, 6, 7, 10, 25, 50, 78, 100, 114, 126, 135, 143, 146, 151, 153, 155, 156, 157, 157, 157, 157, 158, 158, 158, 158, 159]
[1, 13, 40, 77, 103, 119, 129, 136, 142, 147, 150, 155, 157, 158, 160, 161, 161, 162, 163, 164, 164, 164, 164, 164, 165, 165]
[1, 6, 21, 59, 86, 99, 119, 129, 135, 142, 144, 149, 152, 153, 153, 155, 155, 155, 156, 156, 156, 157, 157, 157, 158, 158]
[1, 26, 40, 77, 104, 125, 137, 148, 154, 158, 161, 162, 165, 166, 166, 168, 168, 169, 170, 172, 173, 173, 173, 174, 174, 175]
[1, 9, 23, 49, 81, 93, 106, 111, 121, 131, 137, 141, 148, 152, 154, 155, 157, 158, 159, 160, 161, 162, 162, 162, 162, 162]
