[1, 15, 100, 300, 542, 658, 714, 752, 777, 794, 812, 820, 823, 828, 833, 840, 845, 849, 851, 851, 854, 860, 862, 863, 863, 864]
[1, 22, 79, 295, 536, 644, 711, 742, 769, 791, 799, 808, 816, 822, 830, 833, 839, 844, 845, 846, 849, 852, 854, 856, 856, 858]
[1, 3, 32, 177, 424, 572, 653, 686, 707, 730, 751, 764, 773, 781, 790, 795, 801, 804, 807, 812, 817, 819, 820, 821, 823, 823]
[1, 1, 3, 30, 161, 405, 578, 652, 699, 724, 745, 759, 770, 782, 791, 797, 804, 808, 811, 813, 818, 819, 820, 822, 823, 823]
[1, 8, 35, 188, 409, 599, 684, 710, 751, 775, 791, 802, 812, 819, 821, 829, 833, 835, 839, 841, 844, 847, 850, 851, 853, 855]
[1, 1, 1, 1, 1, 1, 1, 1, 1, 1, 1, 1, 1, 1, 1, 1, 1, 1, 1, 1, 1, 1, 1, 1, 1, 1]
[1, 3, 5, 29, 181, 445, 586, 666, 717, 748, 769, 788, 792, 802, 808, 816, 822, 829, 834, 838, 841, 843, 845, 847, 851, 853]
[1, 20, 109, 290, 521, 636, 694, 729, 759, 772, 782, 794, 799, 806, 810, 812, 816, 817, 820, 824, 825, 827, 828, 829, 831, 833]
[1, 2, 2, 4, 57, 203, 463, 609, 667, 717, 741, 762, 777, 785, 799, 811, 820, 823, 831, 831, 832, 836, 839, 840, 841, 843]
[1, 7, 17, 52, 193, 426, 571, 645, 685, 719, 748, 766, 784, 796, 803, 804, 809, 816, 822, 823, 824, 826, 826, 827, 828, 830]
[1, 2, 5, 38, 135, 376, 569, 656, 712, 741, 760, 777, 792, 797, 801, 812, 814, 819, 822, 825, 831, 834, 840, 842, 842, 842]
[1, 19, 61, 230, 499, 635, 710, 751, 777, 791, 803, 811, 815, 829, 832, 841, 846, 846, 847, 847, 849, 852, 853, 853, 856, 857]
[1, 2, 15, 43, 180, 407, 568, 655, 708, 731, 755, 771, 785, 797, 804, 812, 818, 824, 827, 830, 830, 833, 833, 834, 835, 837]
[1, 1, 1, 1, 1, 1, 1, 1, 1, 1, 1, 1, 1, 1, 1, 1, 1, 1, 1, 1, 1, 1, 1, 1, 1, 1]
[1, 6, 20, 96, 306, 508, 621, 672, 708, 735, 756, 776, 792, 798, 801, 808, 809, 813, 815, 816, 820, 822, 822, 822, 824, 825]
[1, 1, 1, 1, 1, 1, 1, 1, 1, 1, 1, 1, 1, 1, 1, 1, 1, 1, 1, 1, 1, 1, 1, 1, 1, 1]
[1, 12, 31, 116, 315, 487, 587, 645, 688, 718, 737, 756, 769, 777, 784, 790, 794, 798, 804, 806, 808, 811, 811, 813, 815, 816]
[1, 1, 1, 1, 1, 1, 1, 1, 1, 1, 1, 1, 1, 1, 1, 1, 1, 1, 1, 1, 1, 1, 1, 1, 1, 1]
[1, 1, 2, 4, 14, 50, 187, 421, 592, 661, 701, 733, 754, 770, 791, 801, 808, 812, 814, 819, 823, 825, 828, 829, 830, 833]
[1, 9, 34, 161, 401, 553, 641, 705, 733, 758, 778, 795, 801, 810, 815, 822, 826, 828, 833, 836, 841, 841, 842, 847, 848, 850]
[1, 9, 22, 77, 238, 487, 612, 683, 720, 742, 761, 773, 783, 792, 803, 808, 812, 815, 818, 821, 824, 829, 831, 834, 835, 835]
[1, 1, 2, 2, 2, 2, 2, 2, 2, 2, 2, 2, 2, 2, 2, 2, 2, 2, 2, 2, 2, 2, 2, 2, 2, 2]
[1, 1, 2, 5, 18, 86, 294, 505, 615, 675, 704, 730, 758, 773, 785, 792, 800, 805, 814, 816, 819, 820, 822, 825, 826, 826]
[1, 8, 37, 181, 422, 573, 646, 690, 723, 758, 769, 779, 784, 788, 797, 800, 803, 807, 809, 811, 814, 814, 814, 817, 819, 821]
[1, 1, 1, 1, 1, 1, 1, 1, 1, 1, 1, 1, 1, 1, 1, 1, 1, 1, 1, 1, 1, 1, 1, 1, 1, 1]
