[1, 6, 11, 25, 41, 57, 67, 78, 83, 86, 89, 90, 91, 93, 93, 95, 95, 96, 96, 96, 96, 96, 96, 96, 96, 96]
[1, 18, 26, 47, 68, 82, 89, 98, 102, 107, 108, 108, 108, 109, 109, 110, 110, 112, 112, 112, 112, 112, 112, 113, 114, 114]
[1, 1, 4, 8, 11, 37, 59, 75, 88, 95, 103, 107, 109, 110, 112, 112, 113, 113, 113, 113, 113, 113, 113, 113, 113, 113]
[1, 7, 10, 12, 19, 32, 39, 55, 67, 81, 87, 93, 96, 98, 103, 105, 107, 107, 108, 108, 109, 109, 109, 109, 110, 110]
[1, 2, 3, 4, 4, 5, 5, 6, 8, 12, 20, 29, 40, 60, 74, 81, 88, 93, 100, 101, 103, 104, 104, 105, 107, 107]
[1, 3, 6, 15, 32, 55, 70, 79, 87, 92, 93, 96, 99, 100, 102, 104, 104, 104, 104, 104, 105, 105, 105, 106, 106, 106]
[1, 6, 10, 28, 48, 72, 79, 90, 94, 98, 104, 104, 106, 106, 106, 108, 108, 109, 109, 109, 109, 109, 109, 109, 109, 109]
[1, 1, 1, 1, 1, 1, 1, 1, 1, 1, 1, 1, 1, 1, 1, 1, 1, 1, 1, 1, 1, 1, 1, 1, 1, 1]
[1, 2, 4, 8, 15, 29, 41, 58, 66, 75, 84, 89, 92, 94, 99, 100, 103, 103, 104, 105, 105, 105, 105, 105, 106, 106]
[1, 1, 1, 1, 1, 1, 1, 1, 1, 1, 1, 1, 1, 1, 1, 1, 1, 1, 1, 1, 1, 1, 1, 1, 1, 1]
[1, 2, 4, 12, 17, 48, 64, 75, 82, 91, 99, 103, 107, 108, 108, 109, 110, 110, 111, 111, 111, 111, 111, 113, 113, 113]
[1, 1, 1, 1, 1, 1, 1, 1, 1, 1, 1, 1, 1, 1, 1, 1, 1, 1, 1, 1, 1, 1, 1, 1, 1, 1]
[1, 1, 1, 1, 1, 1, 1, 1, 1, 1, 1, 1, 1, 1, 1, 1, 1, 1, 1, 1, 1, 1, 1, 1, 1, 1]
[1, 1, 1, 1, 1, 3, 5, 7, 9, 14, 34, 64, 83, 90, 96, 103, 106, 107, 107, 109, 109, 109, 110, 110, 110, 111]
[1, 15, 39, 72, 90, 98, 106, 110, 113, 115, 115, 116, 116, 116, 116, 116, 116, 116, 117, 117, 118, 118, 118, 118, 118, 118]
[1, 4, 10, 25, 58, 80, 91, 101, 107, 111, 113, 114, 115, 115, 116, 117, 118, 119, 120, 120, 120, 120, 120, 120, 120, 120]
[1, 2, 4, 11, 29, 35, 50, 71, 84, 92, 99, 102, 105, 108, 109, 110, 113, 114, 114, 114, 114, 114, 114, 114, 114, 114]
[1, 2, 3, 3, 3, 3, 3, 3, 3, 3, 3, 3, 4, 5, 7, 14, 34, 57, 70, 79, 87, 93, 96, 97, 101, 103]
[1, 4, 10, 11, 17, 27, 46, 57, 67, 77, 79, 82, 86, 91, 94, 97, 98, 99, 99, 101, 103, 105, 105, 105, 105, 105]
[1, 3, 6, 15, 45, 65, 75, 84, 92, 98, 102, 105, 106, 107, 110, 112, 114, 114, 114, 114, 114, 114, 114, 114, 114, 114]
[1, 1, 1, 1, 2, 3, 6, 16, 41, 72, 89, 101, 110, 112, 115, 115, 117, 117, 119, 121, 121, 121, 121, 121, 121, 121]
[1, 3, 5, 9, 25, 43, 59, 69, 78, 86, 87, 90, 94, 97, 100, 101, 101, 101, 102, 102, 102, 102, 102, 102, 103, 103]
[1, 2, 2, 3, 5, 8, 15, 38, 69, 79, 88, 95, 101, 104, 105, 107, 107, 109, 110, 110, 111, 111, 111, 111, 111, 111]
[1, 3, 5, 23, 43, 68, 87, 94, 98, 102, 105, 105, 106, 106, 107, 107, 107, 107, 107, 107, 107, 107, 108, 108, 108, 108]
[1, 4, 21, 45, 63, 71, 84, 91, 100, 103, 104, 106, 106, 107, 108, 108, 108, 112, 112, 112, 112, 114, 115, 115, 115, 115]
