[1, 36, 58, 100, 152, 200, 240, 269, 285, 300, 308, 314, 322, 331, 334, 339, 348, 350, 350, 355, 358, 360, 361, 363, 364, 367]
[1, 24, 43, 95, 158, 202, 230, 251, 265, 279, 295, 307, 314, 325, 331, 335, 341, 342, 344, 347, 349, 350, 350, 350, 353, 357]
[1, 18, 23, 29, 43, 81, 142, 188, 220, 253, 272, 284, 298, 312, 318, 325, 332, 333, 333, 337, 338, 343, 345, 348, 351, 352]
[1, 4, 15, 63, 115, 165, 201, 233, 253, 271, 287, 296, 301, 310, 314, 318, 328, 331, 335, 338, 343, 346, 347, 347, 347, 348]
[1, 52, 78, 126, 180, 231, 260, 282, 298, 314, 324, 330, 336, 340, 348, 356, 358, 361, 365, 368, 370, 371, 371, 372, 375, 378]
[1, 29, 51, 88, 148, 189, 222, 254, 273, 295, 310, 318, 326, 333, 336, 340, 346, 347, 349, 351, 353, 355, 357, 358, 360, 360]
[1, 28, 38, 60, 106, 169, 208, 247, 268, 279, 294, 310, 317, 320, 325, 329, 336, 339, 339, 345, 349, 351, 352, 352, 353, 355]
[1, 44, 53, 79, 128, 188, 226, 269, 282, 296, 308, 321, 333, 338, 342, 347, 353, 362, 364, 368, 370, 370, 371, 372, 373, 375]
[1, 12, 16, 35, 85, 149, 196, 230, 259, 281, 298, 316, 329, 334, 337, 343, 345, 348, 348, 349, 351, 354, 355, 358, 360, 361]
[1, 33, 52, 101, 164, 201, 226, 269, 284, 303, 312, 323, 334, 341, 346, 348, 348, 351, 351, 354, 358, 359, 363, 364, 365, 367]
[1, 10, 12, 20, 36, 68, 128, 176, 205, 231, 252, 268, 286, 295, 303, 313, 317, 325, 330, 332, 334, 336, 341, 341, 344, 345]
[1, 56, 104, 150, 212, 249, 283, 305, 321, 334, 346, 353, 362, 371, 375, 382, 385, 386, 389, 390, 390, 390, 392, 393, 395, 396]
[1, 70, 151, 204, 255, 294, 314, 331, 351, 362, 375, 380, 389, 396, 400, 404, 405, 410, 412, 414, 416, 418, 419, 423, 424, 426]
[1, 69, 112, 176, 219, 249, 279, 298, 317, 335, 341, 347, 354, 361, 361, 363, 365, 369, 376, 377, 379, 379, 383, 384, 384, 385]
[1, 31, 42, 70, 132, 186, 221, 255, 276, 290, 305, 313, 319, 324, 329, 337, 345, 350, 353, 355, 358, 359, 361, 361, 362, 364]
[1, 59, 85, 129, 199, 236, 272, 294, 310, 322, 335, 343, 352, 358, 361, 362, 363, 363, 366, 367, 369, 369, 371, 373, 375, 375]
[1, 6, 17, 54, 111, 163, 204, 235, 252, 271, 284, 298, 309, 315, 324, 334, 340, 343, 344, 345, 346, 347, 349, 351, 351, 353]
[1, 18, 27, 53, 98, 153, 198, 231, 252, 272, 286, 302, 319, 332, 335, 345, 351, 353, 358, 361, 361, 365, 365, 365, 365, 368]
[1, 21, 44, 86, 142, 195, 237, 260, 286, 299, 310, 321, 331, 338, 343, 348, 352, 352, 355, 357, 358, 361, 361, 363, 363, 364]
[1, 44, 71, 102, 150, 194, 240, 265, 281, 298, 316, 323, 333, 338, 343, 352, 353, 356, 358, 360, 362, 362, 364, 365, 365, 365]
[1, 40, 54, 82, 130, 178, 219, 249, 272, 290, 305, 314, 324, 329, 335, 338, 342, 345, 353, 357, 360, 360, 361, 362, 363, 365]
[1, 37, 63, 125, 172, 211, 238, 270, 279, 293, 303, 315, 320, 324, 330, 335, 340, 341, 344, 346, 348, 349, 352, 353, 355, 355]
[1, 40, 57, 93, 140, 178, 224, 256, 280, 292, 305, 322, 333, 344, 349, 352, 355, 356, 357, 358, 358, 358, 361, 362, 366, 367]
[1, 31, 48, 101, 156, 203, 235, 261, 288, 303, 317, 325, 334, 341, 342, 348, 353, 354, 358, 359, 363, 363, 363, 364, 365, 366]
[1, 37, 50, 78, 135, 180, 228, 251, 266, 280, 299, 304, 313, 320, 323, 329, 339, 341, 341, 345, 347, 348, 351, 355, 355, 356]
