[1, 5, 9, 31, 88, 164, 204, 227, 239, 255, 261, 266, 272, 274, 276, 278, 278, 279, 281, 283, 283, 285, 286, 287, 287, 288]
[1, 6, 23, 72, 142, 191, 228, 239, 248, 259, 266, 272, 280, 283, 286, 287, 289, 290, 290, 290, 290, 292, 292, 292, 292, 292]
[1, 2, 9, 26, 71, 152, 200, 228, 245, 259, 264, 270, 276, 279, 282, 284, 285, 286, 287, 288, 290, 292, 292, 292, 292, 293]
[1, 5, 20, 60, 115, 178, 206, 231, 245, 253, 259, 267, 273, 274, 276, 278, 281, 283, 284, 285, 285, 286, 286, 286, 286, 286]
[1, 2, 5, 10, 28, 64, 103, 158, 194, 220, 240, 247, 264, 273, 276, 278, 280, 282, 283, 283, 285, 287, 288, 289, 289, 292]
[1, 11, 37, 88, 149, 191, 225, 242, 256, 259, 268, 273, 280, 282, 284, 285, 285, 285, 285, 286, 286, 286, 288, 288, 288, 288]
[1, 1, 1, 1, 1, 1, 1, 1, 1, 1, 1, 1, 1, 1, 1, 1, 1, 1, 1, 1, 1, 1, 1, 1, 1, 1]
[1, 3, 3, 4, 8, 11, 33, 79, 142, 198, 226, 246, 259, 268, 274, 276, 278, 282, 285, 288, 289, 290, 292, 294, 294, 295]
[1, 19, 52, 117, 175, 208, 230, 244, 257, 265, 272, 278, 281, 284, 285, 287, 289, 292, 294, 296, 296, 296, 296, 296, 296, 296]
[1, 2, 2, 2, 2, 2, 2, 2, 2, 2, 2, 2, 2, 2, 2, 2, 2, 2, 2, 2, 2, 2, 2, 2, 3, 3]
[1, 3, 8, 34, 90, 153, 209, 230, 251, 262, 271, 275, 278, 284, 287, 289, 290, 292, 292, 292, 292, 292, 293, 294, 294, 295]
[1, 2, 3, 6, 14, 40, 81, 139, 181, 215, 233, 248, 256, 262, 267, 271, 275, 280, 284, 284, 284, 285, 286, 286, 286, 287]
[1, 1, 1, 1, 1, 1, 1, 1, 1, 1, 1, 1, 1, 1, 1, 1, 1, 1, 1, 1, 1, 1, 1, 1, 1, 1]
[1, 3, 12, 39, 92, 156, 207, 233, 251, 264, 275, 284, 289, 290, 293, 294, 295, 296, 298, 298, 299, 300, 300, 300, 300, 300]
[1, 1, 4, 11, 44, 100, 160, 202, 221, 236, 253, 260, 271, 277, 286, 286, 287, 289, 291, 292, 294, 295, 295, 295, 295, 296]
[1, 3, 26, 81, 136, 183, 214, 234, 249, 256, 262, 269, 275, 280, 284, 286, 287, 287, 287, 289, 289, 290, 290, 290, 291, 291]
[1, 11, 26, 71, 143, 191, 224, 238, 251, 266, 271, 279, 284, 290, 293, 295, 296, 296, 298, 298, 299, 300, 300, 300, 300, 301]
[1, 1, 1, 1, 1, 1, 1, 1, 1, 1, 1, 1, 1, 1, 1, 1, 1, 1, 1, 1, 1, 1, 1, 1, 1, 1]
[1, 3, 5, 10, 25, 75, 133, 178, 212, 225, 248, 260, 268, 278, 284, 288, 292, 293, 293, 293, 295, 295, 295, 296, 296, 296]
[1, 2, 6, 27, 82, 142, 183, 213, 237, 250, 257, 266, 275, 282, 284, 285, 287, 287, 287, 288, 290, 291, 291, 292, 293, 295]
[1, 1, 1, 1, 1, 1, 1, 1, 1, 1, 1, 1, 1, 1, 1, 1, 1, 1, 1, 1, 1, 1, 1, 1, 1, 1]
[1, 14, 54, 122, 184, 217, 244, 256, 273, 282, 290, 294, 295, 295, 295, 296, 298, 298, 299, 299, 300, 300, 300, 300, 301, 301]
[1, 1, 1, 1, 1, 1, 1, 1, 1, 1, 1, 1, 1, 1, 1, 1, 1, 1, 1, 1, 1, 1, 1, 1, 1, 1]
[1, 7, 25, 61, 120, 169, 207, 235, 252, 259, 268, 270, 274, 278, 280, 280, 280, 280, 280, 280, 280, 280, 280, 283, 283, 283]
[1, 2, 16, 54, 118, 162, 202, 226, 238, 245, 257, 263, 265, 273, 276, 279, 279, 279, 279, 279, 282, 282, 282, 282, 282, 282]
