[1, 14, 27, 77, 120, 148, 161, 169, 174, 175, 177, 178, 178, 180, 182, 182, 182, 182, 183, 184, 184, 184, 184, 184, 184, 184]
[1, 7, 8, 15, 35, 89, 124, 138, 155, 170, 174, 176, 180, 181, 184, 185, 185, 185, 185, 185, 185, 186, 186, 186, 186, 186]
[1, 5, 7, 18, 64, 105, 128, 147, 154, 163, 167, 169, 171, 172, 173, 174, 176, 176, 176, 176, 177, 178, 178, 179, 179, 179]
[1, 11, 30, 73, 129, 156, 165, 171, 177, 178, 179, 179, 180, 181, 182, 182, 182, 182, 183, 183, 185, 185, 185, 185, 185, 185]
[1, 2, 13, 44, 108, 139, 152, 167, 171, 171, 173, 175, 176, 177, 177, 178, 179, 179, 179, 180, 180, 180, 180, 180, 180, 180]
[1, 2, 12, 44, 98, 130, 146, 160, 165, 167, 172, 175, 177, 181, 182, 183, 184, 184, 184, 184, 184, 184, 184, 184, 185, 185]
[1, 4, 4, 4, 4, 4, 5, 5, 5, 6, 7, 26, 79, 119, 140, 155, 160, 164, 165, 166, 168, 169, 171, 173, 176, 177]
[1, 6, 9, 29, 75, 116, 138, 150, 157, 161, 165, 167, 167, 169, 170, 171, 173, 176, 176, 177, 178, 178, 178, 178, 179, 179]
[1, 5, 9, 40, 86, 120, 140, 154, 161, 167, 172, 176, 177, 177, 177, 179, 180, 181, 181, 182, 182, 182, 183, 183, 183, 183]
[1, 3, 5, 20, 58, 112, 136, 155, 159, 164, 166, 170, 171, 175, 176, 178, 178, 179, 179, 179, 181, 181, 181, 182, 183, 183]
[1, 2, 2, 4, 5, 7, 8, 14, 18, 43, 102, 142, 157, 161, 166, 168, 169, 169, 173, 175, 175, 175, 175, 176, 177, 177]
[1, 8, 24, 64, 117, 140, 155, 163, 166, 168, 170, 171, 172, 172, 172, 175, 176, 176, 177, 178, 180, 180, 180, 180, 180, 180]
[1, 6, 14, 52, 106, 142, 153, 160, 166, 171, 174, 174, 175, 176, 179, 179, 180, 180, 181, 183, 183, 183, 183, 183, 183, 183]
[1, 12, 43, 92, 129, 147, 164, 169, 173, 175, 177, 177, 179, 179, 179, 181, 181, 183, 183, 183, 183, 183, 185, 186, 186, 186]
[1, 3, 5, 22, 73, 118, 141, 149, 162, 168, 173, 177, 178, 180, 180, 181, 181, 181, 181, 182, 184, 184, 184, 184, 184, 184]
[1, 11, 16, 49, 90, 126, 141, 150, 157, 165, 170, 175, 176, 178, 178, 179, 180, 182, 182, 183, 184, 184, 184, 184, 185, 185]
[1, 2, 2, 2, 2, 2, 3, 6, 13, 49, 110, 134, 155, 162, 168, 171, 174, 175, 176, 177, 177, 179, 179, 179, 179, 179]
[1, 4, 6, 7, 24, 65, 109, 142, 159, 165, 170, 176, 178, 180, 180, 181, 181, 182, 182, 182, 183, 183, 183, 183, 185, 186]
[1, 11, 18, 51, 101, 135, 143, 157, 165, 165, 170, 177, 178, 178, 178, 178, 178, 181, 182, 182, 182, 182, 182, 182, 182, 182]
[1, 8, 9, 29, 93, 128, 145, 156, 158, 164, 167, 169, 170, 172, 174, 176, 177, 178, 178, 178, 178, 178, 179, 179, 179, 179]
[1, 8, 17, 56, 115, 138, 154, 165, 169, 173, 176, 178, 180, 182, 183, 183, 185, 185, 185, 185, 185, 186, 186, 187, 188, 188]
[1, 13, 50, 107, 136, 149, 164, 172, 174, 176, 178, 178, 178, 178, 178, 178, 178, 178, 178, 179, 179, 179, 179, 180, 180, 181]
[1, 3, 4, 4, 8, 29, 68, 118, 146, 158, 165, 166, 167, 167, 167, 167, 170, 171, 172, 172, 173, 173, 175, 176, 176, 176]
[1, 15, 25, 86, 132, 150, 160, 162, 165, 167, 169, 174, 174, 175, 175, 175, 176, 177, 177, 177, 177, 177, 177, 177, 177, 177]
[1, 11, 37, 85, 135, 150, 158, 166, 171, 177, 178, 178, 180, 181, 182, 182, 182, 183, 184, 184, 184, 184, 184, 185, 186, 186]
