[1, 5, 22, 114, 375, 580, 680, 722, 756, 779, 798, 804, 812, 817, 822, 826, 832, 837, 837, 840, 842, 842, 842, 844, 844, 844]
[1, 3, 4, 7, 15, 96, 299, 507, 646, 717, 746, 760, 786, 800, 811, 821, 827, 831, 834, 839, 841, 842, 843, 846, 847, 847]
[1, 8, 24, 160, 407, 581, 677, 729, 765, 788, 805, 826, 834, 842, 845, 847, 850, 855, 858, 859, 859, 861, 862, 863, 863, 863]
[1, 4, 55, 223, 441, 590, 674, 714, 742, 771, 791, 800, 803, 812, 820, 823, 827, 829, 830, 832, 832, 833, 833, 834, 834, 834]
[1, 14, 66, 275, 505, 623, 692, 733, 766, 793, 808, 817, 828, 836, 845, 847, 851, 854, 855, 857, 859, 859, 860, 863, 863, 866]
[1, 3, 61, 236, 513, 657, 729, 769, 790, 812, 825, 833, 841, 845, 852, 856, 856, 857, 861, 862, 866, 870, 872, 874, 875, 875]
[1, 5, 27, 109, 345, 538, 644, 704, 739, 769, 792, 802, 813, 819, 829, 832, 834, 839, 841, 844, 845, 845, 846, 849, 850, 851]
[1, 1, 1, 1, 1, 1, 1, 1, 1, 1, 1, 1, 1, 1, 1, 1, 1, 1, 1, 1, 1, 1, 1, 1, 1, 1]
[1, 3, 3, 4, 4, 4, 4, 4, 4, 4, 4, 4, 4, 4, 4, 4, 4, 4, 4, 4, 4, 4, 4, 4, 4, 4]
[1, 2, 4, 24, 120, 374, 588, 687, 740, 768, 794, 808, 817, 824, 829, 837, 842, 845, 848, 850, 852, 853, 855, 856, 856, 858]
[1, 1, 1, 1, 3, 29, 107, 352, 556, 662, 711, 756, 781, 795, 807, 813, 821, 827, 829, 831, 836, 836, 836, 839, 840, 840]
[1, 3, 8, 30, 115, 267, 475, 616, 673, 712, 742, 761, 772, 790, 797, 805, 813, 814, 817, 823, 823, 824, 827, 828, 828, 830]
[1, 12, 37, 140, 347, 540, 633, 678, 712, 733, 751, 763, 773, 776, 781, 783, 787, 789, 789, 790, 792, 793, 793, 795, 798, 798]
[1, 3, 7, 52, 264, 501, 631, 694, 736, 767, 777, 783, 795, 804, 810, 816, 820, 822, 825, 829, 830, 831, 832, 834, 835, 837]
[1, 7, 13, 63, 244, 474, 619, 680, 735, 758, 773, 788, 797, 808, 820, 831, 838, 840, 843, 847, 851, 851, 853, 854, 855, 856]
[1, 20, 62, 197, 474, 623, 698, 742, 776, 796, 807, 815, 823, 828, 834, 836, 838, 843, 845, 846, 846, 849, 850, 851, 852, 852]
[1, 3, 13, 55, 178, 432, 571, 654, 695, 733, 748, 765, 775, 786, 791, 797, 799, 805, 806, 808, 810, 812, 815, 817, 819, 820]
[1, 1, 1, 1, 2, 4, 6, 13, 65, 278, 499, 631, 695, 741, 771, 788, 794, 804, 817, 821, 827, 834, 838, 839, 840, 840]
[1, 14, 48, 186, 419, 582, 656, 708, 733, 751, 774, 783, 791, 800, 806, 809, 819, 820, 822, 827, 830, 834, 834, 836, 836, 837]
[1, 4, 5, 6, 11, 51, 170, 390, 561, 642, 688, 720, 743, 762, 772, 776, 786, 795, 800, 802, 803, 805, 807, 808, 808, 809]
[1, 2, 3, 9, 60, 172, 376, 560, 643, 696, 732, 752, 767, 775, 785, 792, 799, 801, 802, 803, 803, 805, 806, 807, 810, 811]
[1, 4, 36, 128, 327, 569, 684, 727, 750, 775, 792, 805, 813, 821, 824, 828, 830, 835, 839, 846, 847, 848, 848, 848, 848, 849]
[1, 8, 90, 314, 532, 650, 708, 750, 773, 787, 802, 809, 816, 822, 826, 829, 833, 835, 837, 839, 840, 841, 843, 845, 847, 849]
[1, 1, 1, 3, 17, 146, 406, 589, 677, 725, 757, 774, 787, 798, 802, 810, 815, 817, 823, 826, 828, 829, 829, 830, 831, 832]
[1, 12, 63, 245, 496, 634, 696, 728, 751, 765, 781, 787, 797, 800, 801, 805, 807, 808, 809, 810, 812, 815, 815, 815, 816, 816]
