[1, 2, 4, 8, 16, 44, 83, 117, 130, 141, 147, 150, 151, 152, 154, 155, 155, 156, 158, 158, 158, 158, 159, 159, 160, 161]
[1, 4, 10, 25, 63, 91, 117, 131, 137, 139, 143, 145, 145, 147, 148, 149, 150, 151, 151, 151, 152, 153, 153, 154, 155, 155]
[1, 2, 7, 16, 34, 78, 119, 131, 138, 146, 148, 149, 155, 158, 159, 160, 161, 161, 161, 161, 162, 162, 163, 164, 164, 164]
[1, 7, 14, 35, 69, 102, 117, 128, 139, 144, 148, 151, 152, 153, 157, 161, 161, 162, 162, 162, 162, 162, 162, 162, 163, 164]
[1, 5, 5, 7, 14, 25, 65, 98, 123, 137, 146, 154, 159, 161, 161, 161, 163, 165, 167, 168, 168, 168, 168, 169, 169, 169]
[1, 1, 2, 2, 3, 4, 4, 4, 4, 4, 4, 4, 4, 4, 4, 4, 4, 4, 4, 4, 4, 4, 4, 4, 4, 4]
[1, 1, 1, 1, 1, 1, 1, 1, 1, 1, 1, 1, 1, 1, 1, 1, 1, 1, 1, 1, 1, 1, 1, 1, 1, 1]
[1, 2, 2, 2, 2, 2, 2, 3, 4, 4, 4, 4, 4, 4, 4, 4, 4, 4, 4, 4, 4, 4, 4, 4, 4, 4]
[1, 15, 49, 85, 111, 128, 138, 145, 154, 154, 157, 158, 158, 160, 160, 161, 163, 164, 165, 165, 166, 166, 167, 167, 167, 167]
[1, 1, 1, 3, 3, 4, 4, 4, 4, 4, 4, 4, 4, 4, 4, 4, 4, 4, 4, 4, 4, 4, 4, 4, 4, 4]
[1, 9, 15, 30, 68, 106, 120, 127, 132, 136, 139, 144, 148, 153, 155, 158, 159, 160, 160, 160, 161, 161, 161, 161, 161, 163]
[1, 18, 37, 79, 113, 132, 145, 152, 154, 154, 156, 156, 157, 157, 157, 159, 160, 161, 161, 161, 162, 163, 164, 167, 169, 169]
[1, 17, 53, 79, 113, 137, 145, 150, 154, 158, 159, 163, 163, 164, 164, 165, 166, 166, 167, 167, 168, 169, 169, 169, 169, 169]
[1, 4, 5, 9, 21, 47, 91, 119, 136, 145, 152, 158, 162, 164, 164, 166, 166, 167, 167, 169, 169, 169, 169, 169, 169, 170]
[1, 2, 5, 15, 44, 84, 113, 129, 138, 145, 148, 152, 154, 154, 156, 157, 159, 159, 160, 160, 160, 160, 160, 160, 162, 163]
[1, 2, 2, 4, 4, 4, 4, 4, 4, 4, 4, 4, 4, 4, 4, 4, 4, 4, 4, 4, 4, 4, 4, 4, 4, 4]
[1, 1, 1, 1, 2, 5, 12, 28, 58, 93, 113, 126, 138, 142, 143, 147, 148, 148, 150, 150, 150, 151, 152, 153, 153, 153]
[1, 3, 8, 19, 45, 84, 119, 137, 146, 151, 154, 159, 159, 159, 159, 159, 159, 161, 162, 163, 164, 164, 164, 164, 164, 165]
[1, 3, 7, 19, 61, 100, 126, 139, 139, 149, 151, 154, 155, 156, 158, 159, 161, 163, 164, 164, 164, 164, 164, 164, 164, 165]
[1, 14, 35, 67, 90, 114, 127, 134, 144, 150, 151, 154, 157, 158, 159, 160, 161, 162, 162, 163, 163, 164, 165, 165, 166, 166]
[1, 13, 31, 66, 102, 124, 132, 136, 140, 142, 150, 152, 154, 155, 156, 157, 157, 158, 159, 160, 160, 160, 160, 161, 162, 162]
[1, 2, 3, 8, 21, 57, 86, 114, 130, 140, 146, 150, 151, 155, 157, 159, 161, 161, 163, 166, 166, 167, 168, 169, 170, 171]
[1, 4, 9, 30, 58, 89, 118, 134, 152, 155, 158, 158, 160, 162, 162, 163, 164, 164, 165, 165, 165, 165, 165, 165, 165, 165]
[1, 3, 15, 40, 91, 116, 133, 141, 147, 154, 157, 159, 160, 160, 160, 162, 164, 165, 167, 167, 167, 167, 168, 168, 169, 169]
[1, 19, 44, 68, 100, 122, 139, 149, 151, 153, 157, 158, 158, 159, 161, 161, 161, 161, 161, 161, 161, 161, 161, 162, 162, 162]
