[1, 12, 35, 87, 146, 175, 195, 203, 208, 211, 213, 217, 218, 220, 222, 222, 222, 225, 225, 225, 225, 225, 225, 225, 225, 225]
[1, 2, 2, 5, 19, 62, 115, 146, 161, 174, 189, 196, 204, 207, 209, 211, 211, 213, 213, 214, 216, 218, 218, 218, 218, 219]
[1, 4, 6, 15, 60, 101, 146, 174, 184, 195, 204, 205, 211, 214, 215, 216, 218, 218, 218, 218, 219, 220, 221, 221, 222, 222]
[1, 1, 2, 3, 6, 8, 16, 25, 53, 119, 153, 171, 186, 194, 200, 205, 209, 210, 210, 212, 213, 213, 213, 214, 214, 217]
[1, 4, 14, 40, 108, 157, 182, 194, 198, 202, 211, 215, 218, 218, 219, 221, 223, 223, 225, 227, 227, 228, 228, 228, 229, 229]
[1, 3, 12, 36, 97, 158, 186, 194, 200, 203, 211, 216, 220, 223, 223, 224, 225, 225, 226, 226, 227, 228, 228, 230, 230, 230]
[1, 1, 1, 1, 1, 1, 1, 1, 1, 1, 1, 1, 1, 1, 1, 1, 1, 1, 1, 1, 1, 1, 1, 1, 1, 1]
[1, 1, 1, 1, 1, 1, 1, 1, 1, 1, 1, 1, 1, 1, 1, 1, 1, 1, 1, 1, 1, 1, 1, 1, 1, 1]
[1, 1, 1, 1, 1, 1, 1, 1, 1, 1, 1, 1, 1, 1, 1, 1, 1, 1, 1, 1, 1, 1, 1, 1, 1, 1]
[1, 21, 70, 137, 169, 192, 204, 210, 214, 220, 220, 221, 223, 225, 225, 226, 228, 229, 229, 229, 229, 229, 229, 230, 230, 230]
[1, 1, 1, 2, 15, 45, 114, 171, 190, 198, 207, 211, 212, 215, 217, 220, 221, 223, 225, 226, 226, 226, 226, 226, 226, 226]
[1, 1, 1, 1, 1, 1, 1, 1, 3, 6, 29, 80, 147, 174, 186, 200, 207, 211, 212, 213, 214, 215, 215, 217, 217, 217]
[1, 5, 12, 32, 68, 125, 157, 177, 190, 198, 204, 205, 208, 210, 210, 212, 214, 215, 215, 215, 215, 215, 216, 216, 216, 216]
[1, 14, 46, 85, 132, 161, 180, 196, 203, 209, 212, 216, 217, 220, 220, 220, 220, 223, 225, 225, 225, 226, 226, 226, 226, 226]
[1, 1, 3, 5, 15, 43, 102, 146, 167, 189, 196, 205, 212, 216, 220, 224, 225, 225, 225, 226, 226, 226, 226, 226, 226, 227]
[1, 2, 8, 29, 81, 132, 164, 179, 196, 206, 211, 216, 221, 222, 222, 222, 223, 225, 226, 226, 226, 226, 226, 226, 227, 227]
[1, 2, 2, 2, 2, 2, 2, 2, 2, 2, 2, 3, 12, 27, 79, 134, 172, 188, 198, 203, 207, 212, 212, 215, 216, 218]
[1, 1, 1, 1, 1, 1, 1, 1, 1, 1, 1, 1, 1, 1, 1, 1, 1, 1, 1, 1, 1, 1, 1, 1, 1, 1]
[1, 1, 1, 1, 1, 1, 1, 1, 1, 1, 1, 1, 1, 1, 1, 1, 1, 1, 1, 1, 1, 1, 1, 1, 1, 1]
[1, 7, 33, 80, 135, 179, 193, 197, 202, 207, 211, 212, 212, 214, 215, 216, 216, 217, 217, 217, 218, 219, 219, 219, 219, 219]
[1, 1, 2, 7, 24, 54, 109, 153, 168, 184, 192, 199, 204, 205, 206, 207, 208, 209, 209, 210, 211, 212, 213, 215, 215, 215]
[1, 6, 15, 51, 125, 170, 190, 198, 205, 208, 214, 214, 215, 216, 218, 219, 220, 221, 223, 223, 223, 223, 223, 224, 224, 224]
[1, 4, 12, 42, 98, 146, 166, 173, 181, 184, 189, 193, 199, 201, 203, 203, 204, 206, 208, 208, 209, 209, 209, 209, 209, 209]
[1, 9, 34, 98, 145, 175, 189, 201, 210, 212, 216, 217, 219, 223, 227, 227, 227, 228, 228, 228, 229, 229, 229, 229, 229, 231]
[1, 1, 1, 1, 1, 1, 1, 1, 1, 1, 1, 1, 1, 1, 1, 1, 1, 1, 1, 1, 1, 1, 1, 1, 1, 1]
