[1, 6, 15, 50, 162, 213, 249, 275, 287, 300, 307, 312, 315, 318, 321, 325, 327, 328, 329, 332, 334, 336, 336, 337, 338, 338]
[1, 7, 9, 28, 75, 139, 200, 232, 258, 274, 287, 292, 297, 300, 303, 304, 305, 306, 306, 306, 306, 307, 307, 307, 307, 308]
[1, 6, 24, 59, 132, 209, 249, 273, 288, 292, 295, 304, 305, 309, 312, 315, 315, 316, 316, 317, 317, 318, 318, 318, 319, 320]
[1, 1, 1, 1, 2, 5, 8, 34, 95, 191, 225, 254, 269, 279, 286, 297, 300, 303, 309, 314, 314, 316, 319, 321, 322, 324]
[1, 2, 3, 13, 40, 120, 194, 229, 259, 269, 278, 289, 299, 302, 304, 307, 309, 312, 312, 313, 315, 316, 317, 317, 319, 319]
[1, 1, 1, 1, 1, 1, 1, 1, 1, 1, 1, 1, 1, 1, 1, 1, 1, 1, 1, 1, 1, 1, 1, 1, 1, 1]
[1, 5, 20, 48, 124, 209, 246, 273, 285, 294, 300, 305, 306, 308, 316, 318, 322, 323, 324, 325, 327, 328, 329, 329, 329, 329]
[1, 1, 1, 1, 1, 1, 1, 1, 1, 1, 1, 2, 2, 2, 2, 2, 2, 2, 2, 2, 2, 2, 2, 3, 8, 36]
[1, 7, 24, 81, 163, 233, 256, 278, 287, 303, 311, 317, 324, 326, 328, 330, 332, 333, 333, 335, 335, 335, 335, 335, 335, 335]
[1, 6, 15, 58, 132, 212, 251, 271, 281, 295, 307, 313, 316, 321, 323, 323, 327, 328, 330, 330, 330, 332, 333, 333, 334, 334]
[1, 7, 35, 119, 209, 247, 275, 287, 299, 303, 310, 311, 311, 316, 320, 325, 328, 331, 333, 335, 335, 335, 336, 336, 338, 338]
[1, 9, 24, 83, 174, 236, 274, 293, 301, 311, 322, 325, 329, 330, 333, 334, 334, 335, 335, 336, 336, 338, 338, 338, 339, 339]
[1, 6, 22, 64, 129, 204, 245, 269, 284, 295, 301, 310, 313, 319, 323, 326, 327, 328, 330, 333, 335, 337, 337, 339, 339, 339]
[1, 8, 33, 91, 180, 230, 255, 273, 282, 295, 303, 305, 308, 312, 316, 318, 320, 323, 327, 329, 330, 330, 331, 331, 334, 334]
[1, 7, 25, 81, 161, 214, 243, 258, 270, 278, 291, 296, 303, 307, 308, 310, 311, 314, 314, 316, 316, 316, 317, 318, 318, 319]
[1, 1, 1, 1, 1, 1, 2, 11, 65, 154, 222, 261, 281, 292, 303, 315, 323, 329, 333, 333, 337, 338, 340, 343, 345, 346]
[1, 27, 88, 168, 239, 270, 295, 307, 317, 322, 324, 327, 330, 333, 334, 336, 337, 337, 340, 341, 342, 342, 342, 342, 342, 342]
[1, 1, 1, 1, 1, 1, 1, 2, 4, 8, 35, 107, 206, 246, 266, 283, 296, 302, 308, 312, 314, 319, 321, 322, 326, 328]
[1, 2, 2, 2, 2, 2, 2, 2, 2, 2, 2, 2, 2, 2, 2, 2, 2, 2, 2, 2, 2, 2, 2, 2, 2, 2]
[1, 9, 32, 105, 181, 234, 272, 290, 304, 308, 314, 321, 321, 323, 324, 325, 328, 329, 330, 331, 331, 331, 331, 331, 333, 333]
[1, 1, 1, 1, 2, 7, 26, 89, 182, 232, 261, 277, 285, 298, 305, 311, 314, 316, 317, 319, 320, 325, 326, 326, 326, 328]
[1, 1, 1, 1, 1, 1, 1, 1, 2, 6, 6, 6, 6, 6, 6, 6, 6, 6, 6, 6, 6, 6, 6, 6, 6, 6]
[1, 9, 33, 89, 176, 227, 264, 276, 292, 299, 307, 315, 318, 323, 329, 330, 331, 333, 333, 335, 335, 335, 336, 336, 336, 336]
[1, 1, 1, 2, 8, 42, 118, 198, 235, 254, 269, 283, 288, 296, 300, 306, 308, 311, 312, 317, 321, 323, 323, 323, 325, 327]
[1, 8, 12, 15, 23, 64, 163, 222, 257, 274, 284, 290, 292, 300, 306, 310, 311, 315, 317, 322, 323, 325, 326, 326, 326, 327]
