[1, 13, 21, 63, 110, 142, 160, 174, 177, 179, 180, 181, 182, 184, 185, 186, 187, 187, 189, 189, 189, 189, 189, 189, 189, 190]
[1, 9, 14, 46, 95, 130, 152, 167, 170, 174, 177, 179, 182, 182, 184, 184, 185, 186, 187, 187, 187, 187, 187, 187, 187, 187]
[1, 32, 49, 94, 134, 160, 167, 170, 172, 176, 179, 180, 180, 182, 184, 185, 185, 187, 189, 190, 190, 190, 190, 190, 190, 190]
[1, 36, 97, 158, 173, 180, 190, 196, 197, 199, 200, 200, 200, 200, 200, 200, 200, 200, 200, 200, 200, 200, 200, 200, 200, 200]
[1, 25, 35, 82, 135, 159, 171, 177, 179, 179, 179, 180, 185, 186, 189, 192, 194, 194, 194, 194, 194, 195, 195, 195, 195, 195]
[1, 33, 92, 148, 171, 183, 188, 195, 196, 196, 199, 199, 200, 201, 201, 202, 202, 202, 202, 202, 202, 202, 202, 202, 202, 202]
[1, 5, 9, 21, 55, 103, 137, 153, 163, 168, 175, 177, 180, 180, 181, 182, 182, 185, 185, 185, 185, 185, 186, 186, 186, 186]
[1, 3, 3, 3, 3, 3, 3, 3, 3, 3, 3, 3, 3, 3, 3, 3, 3, 3, 3, 3, 3, 3, 3, 3, 3, 3]
[1, 47, 101, 141, 167, 174, 179, 182, 184, 188, 189, 189, 190, 190, 190, 191, 191, 192, 193, 193, 193, 193, 193, 193, 193, 193]
[1, 48, 101, 151, 179, 188, 194, 197, 199, 202, 202, 202, 202, 202, 202, 202, 202, 202, 202, 202, 202, 202, 202, 204, 205, 205]
[1, 17, 22, 42, 89, 137, 162, 171, 174, 177, 181, 184, 185, 187, 189, 190, 190, 191, 191, 191, 191, 191, 191, 191, 191, 191]
[1, 43, 84, 127, 155, 171, 180, 186, 187, 190, 192, 193, 193, 194, 194, 194, 194, 194, 194, 194, 194, 194, 195, 196, 196, 196]
[1, 14, 24, 49, 97, 135, 156, 165, 167, 172, 174, 177, 181, 181, 182, 183, 183, 185, 186, 186, 186, 186, 186, 186, 186, 186]
[1, 37, 63, 117, 153, 167, 171, 182, 186, 188, 191, 191, 193, 193, 193, 194, 194, 194, 194, 194, 194, 194, 194, 194, 194, 194]
[1, 16, 20, 53, 100, 133, 148, 162, 171, 178, 179, 181, 181, 182, 182, 182, 183, 183, 184, 184, 185, 185, 185, 186, 188, 188]
[1, 37, 101, 155, 187, 196, 199, 201, 202, 202, 202, 202, 203, 203, 204, 204, 204, 204, 204, 204, 204, 204, 204, 204, 204, 204]
[1, 16, 42, 100, 141, 164, 170, 174, 177, 180, 180, 182, 183, 185, 186, 186, 187, 187, 188, 188, 188, 188, 188, 188, 188, 188]
[1, 2, 2, 2, 2, 2, 2, 2, 2, 2, 2, 2, 2, 2, 2, 2, 2, 2, 2, 2, 2, 2, 2, 2, 2, 2]
[1, 36, 83, 146, 182, 189, 194, 196, 198, 199, 201, 201, 202, 203, 203, 204, 204, 204, 205, 205, 205, 206, 206, 206, 206, 206]
[1, 3, 8, 17, 36, 88, 120, 143, 155, 161, 165, 167, 171, 176, 176, 176, 178, 179, 179, 179, 180, 180, 180, 181, 181, 182]
[1, 38, 92, 155, 182, 187, 190, 192, 196, 198, 198, 198, 198, 199, 200, 201, 202, 202, 202, 202, 203, 203, 203, 203, 203, 203]
[1, 2, 2, 2, 3, 19, 65, 109, 132, 149, 157, 165, 170, 173, 176, 176, 179, 181, 182, 182, 183, 183, 183, 183, 183, 183]
[1, 22, 35, 97, 150, 163, 174, 175, 179, 179, 180, 181, 185, 186, 188, 189, 189, 190, 190, 190, 191, 191, 191, 191, 191, 192]
[1, 13, 22, 56, 109, 136, 152, 163, 170, 175, 179, 180, 181, 182, 183, 183, 183, 184, 186, 186, 187, 187, 187, 187, 187, 187]
[1, 34, 94, 134, 159, 168, 175, 179, 185, 188, 188, 189, 190, 193, 194, 194, 194, 194, 194, 194, 194, 194, 194, 194, 194, 194]
