[1, 1, 1, 1, 1, 1, 1, 1, 1, 1, 1, 1, 1, 1, 1, 1, 1, 1, 1, 1, 1, 1, 1, 1, 1, 1]
[1, 3, 13, 116, 404, 700, 858, 957, 1027, 1080, 1115, 1141, 1160, 1178, 1192, 1201, 1207, 1219, 1226, 1237, 1241, 1249, 1253, 1258, 1264, 1265]
[1, 6, 6, 7, 15, 50, 229, 522, 733, 874, 956, 1001, 1052, 1080, 1095, 1121, 1137, 1151, 1161, 1175, 1182, 1188, 1195, 1201, 1206, 1207]
[1, 6, 11, 35, 182, 468, 731, 870, 962, 1019, 1071, 1103, 1130, 1161, 1173, 1192, 1202, 1206, 1213, 1220, 1228, 1233, 1238, 1242, 1246, 1249]
[1, 49, 168, 449, 699, 855, 936, 1018, 1061, 1098, 1121, 1141, 1161, 1173, 1183, 1198, 1204, 1212, 1216, 1223, 1225, 1229, 1233, 1235, 1237, 1239]
[1, 1, 1, 2, 2, 2, 3, 3, 5, 23, 62, 203, 485, 743, 880, 955, 1013, 1057, 1089, 1113, 1135, 1154, 1168, 1181, 1188, 1194]
[1, 1, 1, 1, 1, 1, 1, 1, 1, 1, 1, 1, 1, 1, 1, 1, 1, 1, 1, 1, 1, 1, 1, 1, 1, 1]
[1, 1, 1, 1, 1, 1, 1, 1, 1, 1, 1, 1, 1, 1, 1, 1, 1, 1, 1, 1, 1, 1, 1, 1, 1, 1]
[1, 3, 12, 55, 313, 627, 847, 972, 1042, 1083, 1120, 1151, 1170, 1193, 1209, 1216, 1225, 1233, 1240, 1244, 1248, 1252, 1255, 1257, 1257, 1260]
[1, 1, 1, 1, 1, 1, 1, 1, 1, 1, 1, 1, 1, 1, 1, 1, 1, 1, 1, 1, 1, 1, 1, 1, 1, 1]
[1, 1, 1, 1, 1, 1, 1, 1, 1, 1, 1, 1, 1, 1, 1, 1, 1, 1, 1, 1, 1, 1, 1, 1, 1, 1]
[1, 2, 5, 14, 42, 176, 439, 670, 834, 926, 980, 1016, 1049, 1073, 1092, 1111, 1123, 1131, 1135, 1142, 1149, 1155, 1164, 1169, 1175, 1176]
[1, 1, 3, 6, 13, 46, 204, 486, 719, 847, 939, 997, 1038, 1070, 1105, 1138, 1153, 1170, 1179, 1195, 1207, 1209, 1213, 1215, 1221, 1224]
[1, 19, 81, 290, 609, 796, 906, 969, 1029, 1068, 1094, 1117, 1140, 1155, 1164, 1176, 1184, 1190, 1201, 1205, 1213, 1215, 1218, 1220, 1223, 1231]
[1, 5, 17, 80, 328, 653, 857, 971, 1051, 1095, 1139, 1170, 1194, 1206, 1216, 1227, 1240, 1250, 1260, 1265, 1269, 1273, 1278, 1280, 1283, 1284]
[1, 2, 10, 29, 118, 320, 600, 781, 897, 978, 1033, 1074, 1115, 1137, 1151, 1171, 1184, 1194, 1203, 1209, 1212, 1217, 1218, 1223, 1224, 1225]
[1, 1, 1, 1, 1, 1, 1, 1, 1, 1, 1, 1, 1, 1, 1, 1, 1, 1, 1, 1, 1, 1, 1, 1, 1, 1]
[1, 48, 153, 387, 642, 808, 934, 997, 1041, 1081, 1109, 1127, 1152, 1165, 1174, 1181, 1190, 1194, 1200, 1207, 1211, 1212, 1213, 1216, 1218, 1220]
[1, 8, 36, 147, 433, 704, 853, 939, 997, 1048, 1075, 1110, 1131, 1148, 1162, 1173, 1181, 1187, 1193, 1203, 1207, 1214, 1218, 1222, 1227, 1230]
[1, 20, 99, 357, 633, 815, 919, 1001, 1059, 1093, 1132, 1155, 1176, 1190, 1206, 1220, 1228, 1232, 1240, 1247, 1254, 1261, 1264, 1267, 1270, 1271]
[1, 2, 2, 2, 2, 2, 2, 2, 2, 2, 2, 2, 2, 2, 2, 2, 2, 2, 2, 2, 2, 2, 2, 2, 2, 2]
[1, 1, 2, 2, 2, 3, 30, 92, 304, 577, 786, 895, 967, 1020, 1069, 1103, 1122, 1139, 1150, 1159, 1170, 1177, 1185, 1192, 1196, 1199]
[1, 1, 1, 1, 1, 1, 1, 1, 1, 1, 1, 1, 1, 1, 1, 1, 1, 1, 1, 1, 1, 1, 1, 1, 1, 1]
[1, 14, 37, 154, 435, 688, 825, 909, 984, 1036, 1069, 1102, 1121, 1132, 1144, 1154, 1160, 1165, 1174, 1182, 1189, 1191, 1196, 1201, 1205, 1212]
[1, 6, 7, 13, 56, 182, 530, 759, 887, 987, 1056, 1104, 1132, 1151, 1169, 1183, 1194, 1208, 1215, 1221, 1226, 1232, 1234, 1238, 1243, 1245]
