[1, 6, 20, 63, 120, 143, 152, 157, 157, 158, 160, 162, 167, 168, 168, 169, 169, 169, 170, 170, 170, 170, 170, 170, 170, 170]
[1, 20, 65, 120, 144, 152, 155, 160, 162, 163, 163, 164, 164, 165, 165, 166, 166, 166, 166, 167, 167, 167, 167, 167, 167, 167]
[1, 12, 25, 56, 97, 128, 143, 149, 150, 155, 156, 159, 162, 163, 163, 165, 165, 165, 165, 165, 165, 166, 166, 166, 167, 167]
[1, 3, 7, 16, 39, 74, 114, 131, 146, 152, 153, 156, 158, 159, 160, 160, 160, 161, 161, 161, 161, 161, 161, 161, 161, 161]
[1, 15, 36, 84, 118, 138, 144, 148, 152, 155, 156, 156, 158, 159, 159, 159, 160, 161, 161, 161, 161, 161, 161, 161, 162, 162]
[1, 13, 34, 78, 123, 141, 151, 153, 156, 160, 163, 164, 165, 165, 165, 165, 165, 167, 168, 168, 168, 168, 168, 168, 168, 168]
[1, 2, 3, 9, 32, 71, 111, 136, 145, 152, 161, 161, 163, 164, 166, 166, 166, 166, 166, 166, 166, 166, 166, 166, 166, 166]
[1, 4, 7, 14, 46, 90, 125, 135, 145, 148, 150, 150, 150, 154, 155, 157, 158, 158, 159, 159, 159, 159, 159, 159, 159, 160]
[1, 6, 15, 47, 86, 118, 134, 140, 140, 145, 149, 150, 151, 152, 153, 153, 156, 157, 157, 158, 158, 158, 158, 158, 159, 159]
[1, 10, 24, 69, 114, 134, 145, 148, 157, 159, 159, 161, 162, 163, 164, 164, 164, 164, 164, 165, 165, 165, 165, 165, 165, 165]
[1, 14, 47, 94, 134, 147, 149, 150, 153, 156, 156, 158, 161, 162, 162, 163, 164, 164, 164, 165, 165, 165, 165, 165, 165, 165]
[1, 7, 19, 53, 100, 127, 139, 142, 149, 153, 156, 158, 158, 159, 160, 162, 162, 163, 163, 164, 164, 164, 165, 165, 165, 165]
[1, 12, 39, 95, 132, 148, 151, 153, 155, 159, 162, 164, 164, 164, 164, 164, 164, 164, 164, 164, 164, 164, 164, 164, 164, 164]
[1, 11, 28, 64, 109, 140, 149, 153, 161, 163, 164, 164, 165, 165, 165, 165, 165, 166, 166, 166, 166, 166, 166, 166, 166, 166]
[1, 16, 34, 72, 123, 144, 153, 156, 157, 157, 158, 160, 163, 163, 163, 163, 164, 164, 164, 164, 164, 164, 164, 164, 164, 164]
[1, 4, 13, 48, 101, 134, 140, 144, 146, 150, 152, 155, 159, 159, 159, 159, 159, 160, 161, 161, 161, 161, 161, 162, 162, 162]
[1, 9, 15, 40, 90, 129, 144, 155, 158, 159, 161, 162, 164, 164, 164, 165, 166, 166, 166, 166, 167, 167, 167, 167, 167, 167]
[1, 13, 31, 78, 116, 135, 142, 148, 151, 156, 156, 160, 161, 162, 162, 162, 163, 164, 164, 164, 164, 164, 164, 164, 164, 164]
[1, 8, 16, 48, 95, 125, 146, 151, 154, 156, 156, 157, 159, 160, 161, 162, 163, 163, 163, 163, 163, 163, 163, 163, 163, 164]
[1, 11, 29, 71, 116, 133, 145, 149, 153, 156, 157, 157, 158, 158, 158, 158, 159, 159, 160, 160, 160, 160, 160, 160, 160, 160]
[1, 15, 52, 97, 129, 146, 153, 156, 158, 159, 162, 165, 166, 166, 166, 166, 166, 166, 166, 167, 168, 168, 168, 168, 168, 168]
[1, 4, 4, 5, 9, 26, 63, 119, 132, 141, 147, 150, 155, 155, 156, 157, 158, 158, 158, 159, 160, 160, 160, 161, 162, 162]
[1, 6, 17, 52, 101, 136, 145, 154, 158, 160, 161, 161, 162, 162, 162, 162, 162, 164, 164, 164, 164, 164, 164, 164, 164, 164]
[1, 5, 8, 22, 68, 116, 133, 143, 147, 152, 156, 159, 162, 163, 163, 163, 163, 163, 163, 163, 164, 164, 164, 166, 166, 166]
[1, 13, 41, 92, 132, 150, 154, 159, 163, 164, 165, 166, 166, 166, 166, 167, 167, 167, 167, 167, 167, 167, 167, 167, 167, 167]
