[1, 4, 7, 39, 228, 510, 692, 797, 862, 893, 908, 927, 941, 953, 961, 967, 971, 973, 978, 983, 989, 990, 991, 993, 996, 996]
[1, 3, 37, 127, 364, 574, 715, 797, 852, 881, 914, 938, 952, 966, 970, 978, 985, 989, 992, 994, 997, 998, 1001, 1002, 1002, 1003]
[1, 8, 35, 137, 388, 605, 744, 811, 869, 899, 930, 946, 963, 974, 987, 990, 993, 996, 999, 1004, 1009, 1011, 1014, 1017, 1023, 1023]
[1, 14, 42, 171, 482, 715, 817, 887, 923, 952, 972, 982, 992, 1005, 1015, 1018, 1020, 1022, 1024, 1026, 1028, 1028, 1028, 1030, 1030, 1031]
[1, 1, 1, 1, 1, 1, 1, 1, 1, 1, 1, 1, 1, 1, 1, 1, 1, 1, 1, 1, 1, 1, 1, 1, 1, 1]
[1, 3, 5, 11, 27, 102, 353, 621, 762, 830, 874, 905, 922, 936, 949, 958, 968, 976, 977, 984, 990, 994, 997, 1000, 1001, 1004]
[1, 1, 1, 1, 1, 1, 1, 1, 1, 1, 1, 1, 1, 1, 1, 1, 1, 1, 1, 1, 1, 1, 1, 1, 1, 1]
[1, 2, 4, 14, 75, 222, 501, 692, 788, 835, 874, 892, 909, 929, 945, 951, 955, 960, 966, 970, 972, 974, 978, 981, 981, 984]
[1, 1, 1, 1, 1, 1, 1, 1, 1, 1, 1, 1, 1, 1, 1, 1, 1, 1, 1, 1, 1, 1, 1, 1, 1, 1]
[1, 5, 36, 159, 455, 693, 812, 873, 902, 933, 951, 961, 972, 986, 992, 995, 1001, 1006, 1013, 1013, 1014, 1017, 1020, 1022, 1022, 1022]
[1, 1, 1, 1, 1, 1, 1, 1, 1, 1, 1, 1, 1, 1, 1, 1, 1, 1, 1, 1, 1, 1, 1, 1, 1, 1]
[1, 8, 25, 135, 380, 616, 760, 829, 877, 906, 919, 933, 942, 954, 960, 965, 969, 971, 972, 977, 978, 978, 980, 983, 985, 986]
[1, 1, 1, 1, 1, 1, 1, 1, 1, 1, 1, 1, 1, 1, 1, 1, 1, 1, 1, 1, 1, 1, 1, 1, 1, 1]
[1, 8, 17, 82, 314, 604, 759, 852, 897, 930, 948, 968, 983, 989, 994, 999, 1005, 1007, 1008, 1010, 1012, 1016, 1016, 1017, 1017, 1017]
[1, 1, 1, 1, 1, 1, 1, 1, 1, 1, 1, 1, 1, 1, 1, 1, 1, 1, 1, 1, 1, 1, 1, 1, 1, 1]
[1, 6, 16, 33, 129, 389, 631, 758, 825, 883, 907, 934, 956, 967, 976, 981, 985, 991, 994, 995, 1001, 1002, 1003, 1004, 1005, 1009]
[1, 1, 1, 1, 1, 1, 1, 1, 1, 1, 1, 1, 1, 1, 1, 1, 1, 1, 1, 1, 1, 1, 1, 1, 1, 1]
[1, 1, 2, 19, 86, 280, 550, 718, 797, 850, 889, 905, 922, 937, 945, 960, 964, 970, 974, 978, 981, 983, 984, 985, 985, 987]
[1, 10, 61, 214, 489, 676, 789, 849, 896, 920, 933, 948, 958, 961, 966, 973, 978, 985, 987, 989, 993, 993, 994, 997, 999, 999]
[1, 3, 12, 78, 270, 552, 724, 793, 854, 878, 904, 924, 935, 945, 954, 957, 964, 967, 972, 975, 980, 981, 983, 988, 988, 990]
[1, 19, 65, 222, 495, 703, 793, 841, 879, 902, 921, 936, 948, 957, 967, 974, 974, 979, 981, 984, 987, 988, 992, 993, 997, 1000]
[1, 2, 6, 32, 165, 464, 680, 784, 845, 873, 896, 912, 930, 942, 951, 958, 970, 973, 978, 987, 990, 994, 997, 1000, 1002, 1004]
[1, 2, 12, 100, 325, 590, 748, 827, 874, 902, 927, 941, 951, 959, 966, 975, 981, 985, 989, 995, 998, 1000, 1002, 1002, 1002, 1003]
[1, 1, 1, 1, 1, 1, 1, 1, 1, 1, 1, 1, 1, 1, 1, 1, 1, 1, 1, 1, 1, 1, 1, 1, 1, 1]
[1, 8, 39, 161, 463, 676, 786, 841, 885, 910, 928, 938, 947, 955, 963, 971, 980, 980, 983, 986, 988, 991, 992, 994, 996, 998]
