[1, 6, 16, 46, 86, 100, 109, 117, 121, 122, 123, 126, 127, 128, 129, 130, 130, 130, 130, 130, 131, 131, 131, 131, 131, 131]
[1, 4, 10, 30, 70, 95, 116, 123, 127, 129, 131, 133, 134, 134, 135, 136, 137, 137, 137, 137, 137, 137, 138, 138, 138, 138]
[1, 3, 5, 16, 38, 75, 104, 113, 117, 123, 124, 127, 129, 131, 132, 134, 134, 136, 136, 136, 136, 137, 137, 137, 137, 137]
[1, 1, 1, 1, 1, 1, 1, 1, 1, 1, 1, 1, 1, 1, 1, 1, 1, 1, 1, 1, 1, 1, 1, 1, 1, 1]
[1, 3, 3, 3, 3, 3, 4, 5, 8, 27, 58, 96, 103, 111, 120, 123, 128, 130, 131, 131, 132, 133, 133, 134, 134, 134]
[1, 4, 17, 51, 70, 90, 101, 112, 113, 118, 120, 122, 123, 124, 125, 125, 125, 126, 126, 127, 128, 128, 130, 130, 130, 130]
[1, 6, 13, 26, 63, 93, 110, 120, 124, 128, 129, 133, 134, 134, 135, 137, 137, 137, 138, 138, 138, 138, 138, 138, 138, 138]
[1, 1, 1, 1, 1, 1, 1, 1, 1, 1, 1, 1, 1, 1, 1, 1, 1, 1, 1, 1, 1, 1, 1, 1, 1, 1]
[1, 4, 14, 37, 69, 92, 105, 109, 117, 120, 123, 124, 125, 127, 128, 130, 130, 130, 130, 130, 131, 131, 131, 131, 131, 131]
[1, 4, 9, 30, 69, 98, 117, 122, 124, 126, 126, 129, 132, 133, 133, 133, 133, 134, 135, 135, 135, 136, 136, 138, 139, 139]
[1, 1, 1, 1, 1, 1, 1, 1, 1, 1, 1, 1, 1, 1, 1, 1, 1, 1, 1, 1, 1, 1, 1, 1, 1, 1]
[1, 1, 1, 1, 1, 1, 1, 1, 1, 1, 1, 1, 1, 1, 1, 1, 1, 1, 1, 1, 1, 1, 1, 1, 1, 1]
[1, 2, 6, 21, 53, 92, 101, 106, 118, 122, 124, 124, 125, 128, 129, 131, 132, 133, 134, 135, 135, 136, 136, 136, 136, 136]
[1, 3, 21, 50, 84, 102, 108, 119, 121, 123, 126, 130, 131, 132, 132, 134, 134, 135, 135, 135, 135, 135, 135, 135, 135, 135]
[1, 2, 2, 2, 2, 2, 2, 3, 5, 7, 27, 61, 102, 112, 119, 126, 127, 130, 131, 131, 131, 132, 132, 133, 136, 136]
[1, 6, 19, 46, 83, 103, 113, 119, 122, 125, 131, 136, 137, 138, 140, 140, 140, 140, 140, 140, 140, 140, 140, 140, 140, 140]
[1, 3, 10, 29, 62, 97, 108, 117, 121, 122, 126, 127, 129, 131, 131, 132, 132, 133, 135, 135, 135, 135, 135, 135, 135, 135]
[1, 4, 11, 40, 78, 96, 103, 112, 112, 113, 118, 124, 126, 127, 127, 130, 130, 130, 131, 134, 134, 134, 135, 135, 135, 135]
[1, 6, 19, 50, 85, 104, 113, 127, 128, 132, 132, 132, 132, 132, 133, 133, 133, 133, 134, 134, 134, 135, 135, 136, 136, 136]
[1, 2, 5, 12, 36, 78, 100, 113, 120, 127, 129, 130, 131, 132, 134, 135, 135, 136, 136, 136, 137, 138, 138, 139, 139, 139]
[1, 3, 6, 20, 59, 86, 103, 112, 117, 121, 122, 124, 126, 127, 127, 128, 128, 129, 129, 129, 129, 130, 130, 130, 130, 130]
[1, 2, 11, 30, 68, 93, 109, 114, 118, 121, 125, 128, 128, 128, 128, 131, 131, 131, 131, 131, 131, 131, 132, 132, 132, 132]
[1, 1, 7, 16, 44, 77, 108, 117, 121, 121, 124, 127, 127, 127, 130, 131, 132, 134, 134, 134, 134, 135, 135, 135, 135, 136]
[1, 4, 6, 20, 57, 79, 104, 112, 116, 121, 123, 125, 127, 128, 128, 128, 128, 129, 130, 131, 132, 133, 133, 133, 133, 133]
[1, 3, 6, 16, 49, 93, 107, 116, 121, 126, 127, 130, 133, 134, 135, 135, 135, 136, 136, 136, 136, 136, 136, 136, 136, 136]
