[1, 1, 1, 1, 1, 1, 2, 2, 2, 2, 2, 3, 5, 22, 73, 112, 139, 149, 158, 167, 168, 169, 171, 171, 171, 172]
[1, 1, 1, 1, 2, 7, 15, 49, 99, 126, 140, 151, 155, 159, 164, 167, 167, 168, 168, 169, 170, 171, 171, 171, 171, 172]
[1, 1, 1, 1, 1, 1, 2, 4, 9, 46, 98, 125, 139, 143, 150, 151, 154, 158, 162, 166, 167, 170, 170, 172, 173, 174]
[1, 1, 1, 1, 1, 1, 1, 1, 1, 1, 1, 1, 1, 1, 1, 1, 1, 1, 1, 1, 1, 1, 1, 1, 1, 1]
[1, 8, 27, 65, 97, 123, 131, 140, 145, 151, 155, 161, 163, 163, 165, 167, 168, 168, 170, 170, 170, 171, 171, 172, 172, 173]
[1, 14, 41, 84, 119, 134, 142, 146, 149, 152, 154, 155, 156, 156, 157, 159, 159, 162, 163, 163, 165, 167, 168, 169, 169, 170]
[1, 1, 1, 1, 1, 1, 1, 1, 1, 2, 3, 3, 4, 6, 14, 56, 103, 127, 142, 145, 152, 152, 156, 157, 161, 161]
[1, 2, 2, 4, 14, 53, 82, 114, 136, 142, 147, 150, 153, 159, 159, 161, 163, 164, 165, 166, 166, 166, 166, 166, 166, 168]
[1, 1, 1, 1, 2, 2, 2, 2, 2, 2, 2, 2, 2, 2, 2, 2, 2, 2, 3, 5, 31, 79, 116, 136, 142, 150]
[1, 1, 1, 1, 1, 1, 1, 1, 1, 1, 1, 1, 1, 1, 1, 1, 1, 2, 2, 2, 2, 2, 3, 3, 4, 8]
[1, 9, 28, 65, 104, 125, 136, 142, 146, 147, 150, 152, 153, 154, 154, 155, 156, 157, 157, 157, 157, 157, 157, 159, 160, 161]
[1, 9, 34, 78, 123, 140, 144, 148, 152, 156, 158, 162, 165, 169, 169, 169, 170, 171, 172, 173, 174, 174, 176, 177, 178, 179]
[1, 1, 1, 1, 1, 1, 1, 1, 2, 2, 2, 2, 2, 2, 2, 3, 5, 26, 64, 108, 126, 135, 141, 146, 148, 151]
[1, 1, 1, 1, 1, 1, 1, 1, 1, 1, 1, 1, 2, 5, 14, 37, 85, 127, 142, 148, 154, 158, 161, 163, 165, 165]
[1, 10, 25, 65, 114, 141, 154, 159, 162, 170, 172, 172, 173, 173, 173, 173, 173, 174, 175, 176, 177, 177, 178, 178, 179, 179]
[1, 11, 34, 84, 110, 122, 132, 141, 147, 151, 154, 158, 160, 160, 163, 165, 166, 166, 168, 170, 170, 170, 171, 173, 173, 173]
[1, 5, 6, 26, 65, 104, 127, 135, 145, 151, 156, 159, 163, 164, 164, 166, 166, 168, 168, 168, 168, 168, 168, 168, 168, 168]
[1, 7, 19, 49, 85, 121, 135, 143, 148, 150, 156, 158, 160, 161, 161, 163, 165, 166, 167, 167, 168, 169, 171, 171, 173, 176]
[1, 1, 1, 1, 3, 6, 12, 36, 77, 107, 126, 136, 145, 149, 152, 153, 154, 155, 158, 158, 158, 158, 158, 158, 159, 160]
[1, 7, 30, 88, 117, 132, 144, 148, 156, 161, 164, 166, 168, 174, 174, 174, 174, 176, 177, 177, 177, 177, 177, 178, 179, 179]
[1, 2, 3, 8, 34, 81, 126, 136, 144, 151, 152, 153, 157, 158, 160, 162, 163, 164, 166, 167, 169, 170, 172, 174, 175, 175]
[1, 2, 5, 18, 55, 90, 112, 129, 139, 141, 150, 155, 157, 160, 160, 164, 167, 169, 170, 170, 171, 171, 172, 172, 172, 172]
[1, 10, 34, 78, 116, 138, 149, 151, 155, 157, 157, 162, 164, 168, 168, 168, 171, 173, 173, 173, 173, 175, 175, 175, 175, 175]
[1, 13, 22, 63, 102, 125, 139, 149, 152, 153, 157, 159, 161, 161, 163, 165, 165, 165, 165, 166, 166, 167, 168, 168, 168, 168]
[1, 1, 1, 1, 1, 1, 1, 1, 1, 1, 1, 1, 1, 1, 1, 2, 2, 2, 2, 2, 2, 2, 2, 2, 3, 3]
