[1, 6, 8, 24, 64, 107, 140, 157, 161, 175, 182, 188, 192, 195, 197, 199, 202, 204, 205, 206, 206, 206, 206, 206, 207, 207]
[1, 4, 14, 28, 71, 112, 142, 160, 174, 183, 192, 196, 197, 198, 201, 202, 203, 204, 204, 205, 206, 206, 207, 209, 209, 210]
[1, 10, 39, 80, 126, 153, 168, 179, 185, 191, 198, 201, 205, 207, 209, 210, 211, 213, 213, 214, 215, 215, 215, 215, 215, 216]
[1, 1, 1, 1, 1, 1, 1, 1, 1, 1, 1, 1, 1, 1, 1, 1, 1, 1, 1, 1, 1, 1, 1, 1, 1, 1]
[1, 3, 17, 44, 81, 113, 131, 150, 161, 174, 180, 187, 190, 195, 197, 200, 201, 203, 204, 205, 206, 209, 209, 209, 211, 211]
[1, 1, 1, 3, 6, 14, 38, 82, 133, 155, 167, 176, 186, 189, 193, 195, 197, 200, 200, 201, 203, 203, 203, 204, 205, 205]
[1, 4, 13, 30, 69, 113, 153, 168, 175, 182, 193, 196, 197, 199, 204, 206, 207, 207, 210, 210, 210, 210, 211, 212, 212, 212]
[1, 3, 5, 10, 27, 67, 107, 141, 159, 173, 178, 185, 189, 193, 196, 200, 202, 203, 205, 205, 207, 208, 209, 210, 210, 210]
[1, 4, 7, 23, 59, 109, 144, 156, 172, 185, 194, 198, 201, 204, 204, 206, 207, 209, 210, 210, 210, 210, 210, 211, 211, 211]
[1, 1, 1, 1, 1, 1, 1, 1, 1, 1, 1, 1, 1, 1, 1, 1, 1, 1, 1, 1, 1, 1, 1, 1, 1, 1]
[1, 7, 22, 42, 75, 116, 146, 166, 176, 186, 192, 193, 198, 202, 205, 207, 209, 209, 210, 210, 211, 211, 211, 212, 212, 212]
[1, 6, 21, 60, 96, 139, 158, 167, 179, 187, 193, 195, 197, 199, 200, 202, 204, 204, 204, 204, 205, 205, 207, 208, 208, 208]
[1, 4, 17, 49, 78, 117, 137, 156, 170, 173, 182, 184, 187, 190, 192, 193, 194, 196, 197, 198, 198, 199, 200, 201, 201, 202]
[1, 3, 5, 19, 50, 92, 129, 149, 159, 176, 182, 188, 192, 197, 200, 203, 204, 207, 208, 208, 209, 211, 211, 211, 211, 211]
[1, 15, 35, 76, 112, 145, 167, 177, 187, 191, 196, 198, 201, 204, 205, 207, 209, 210, 210, 210, 210, 210, 211, 211, 211, 211]
[1, 15, 29, 67, 115, 144, 163, 176, 186, 197, 202, 204, 207, 209, 209, 209, 212, 214, 215, 215, 215, 215, 215, 216, 217, 218]
[1, 1, 1, 1, 1, 1, 1, 1, 1, 1, 1, 1, 1, 1, 1, 1, 1, 1, 1, 1, 1, 1, 1, 1, 1, 1]
[1, 1, 4, 6, 10, 25, 56, 105, 144, 172, 185, 200, 209, 210, 214, 215, 216, 216, 218, 218, 219, 219, 219, 219, 221, 221]
[1, 1, 1, 1, 1, 1, 1, 1, 1, 1, 1, 1, 1, 1, 1, 1, 1, 1, 1, 1, 1, 1, 1, 1, 1, 1]
[1, 1, 1, 1, 1, 1, 1, 1, 1, 1, 1, 1, 1, 1, 1, 1, 1, 1, 1, 1, 1, 1, 1, 1, 1, 1]
[1, 9, 27, 77, 120, 153, 169, 185, 189, 192, 196, 203, 206, 207, 209, 211, 211, 212, 212, 215, 216, 216, 216, 218, 218, 218]
[1, 1, 1, 1, 1, 1, 1, 1, 1, 1, 1, 1, 1, 1, 1, 1, 1, 1, 1, 1, 1, 1, 1, 1, 1, 1]
[1, 1, 1, 1, 1, 1, 1, 1, 1, 1, 1, 1, 1, 1, 1, 1, 1, 1, 1, 1, 1, 1, 1, 1, 1, 1]
[1, 2, 2, 2, 2, 2, 2, 2, 2, 2, 2, 2, 2, 2, 2, 2, 2, 2, 2, 2, 2, 2, 2, 2, 2, 2]
[1, 1, 1, 5, 24, 59, 102, 137, 158, 170, 178, 183, 193, 198, 198, 199, 199, 200, 200, 201, 203, 203, 203, 204, 204, 204]
