[1, 40, 76, 136, 159, 169, 176, 180, 184, 185, 185, 185, 185, 185, 187, 187, 189, 189, 190, 191, 191, 191, 192, 192, 192, 193]
[1, 23, 37, 96, 143, 162, 169, 175, 181, 183, 184, 186, 186, 186, 186, 186, 186, 186, 187, 187, 187, 187, 187, 187, 187, 188]
[1, 2, 3, 11, 37, 76, 112, 137, 145, 157, 165, 166, 169, 169, 169, 170, 171, 172, 172, 173, 173, 173, 173, 173, 173, 174]
[1, 17, 32, 53, 105, 140, 151, 161, 164, 170, 170, 171, 172, 175, 177, 177, 177, 179, 179, 180, 181, 181, 184, 184, 184, 184]
[1, 3, 4, 11, 30, 69, 111, 140, 155, 162, 167, 173, 175, 177, 179, 181, 181, 181, 182, 182, 183, 183, 183, 183, 183, 184]
[1, 29, 69, 114, 139, 159, 170, 172, 176, 180, 180, 181, 182, 183, 184, 185, 185, 187, 189, 189, 189, 189, 189, 189, 189, 189]
[1, 47, 95, 145, 169, 180, 185, 189, 190, 191, 192, 192, 193, 193, 193, 193, 193, 193, 194, 194, 194, 194, 194, 194, 194, 194]
[1, 8, 14, 54, 111, 134, 157, 161, 168, 170, 172, 174, 176, 176, 177, 178, 178, 178, 179, 179, 179, 179, 179, 179, 179, 179]
[1, 41, 74, 122, 154, 163, 169, 177, 185, 186, 189, 190, 191, 193, 193, 193, 193, 193, 193, 193, 193, 195, 195, 195, 195, 195]
[1, 54, 104, 141, 157, 164, 171, 176, 179, 179, 183, 185, 186, 186, 187, 187, 187, 187, 188, 188, 188, 188, 188, 188, 188, 188]
[1, 58, 117, 151, 166, 177, 184, 186, 188, 189, 191, 191, 193, 196, 198, 198, 198, 198, 198, 198, 198, 199, 199, 199, 199, 199]
[1, 6, 18, 56, 109, 141, 152, 158, 162, 171, 172, 174, 177, 179, 182, 184, 184, 184, 184, 184, 184, 185, 185, 186, 186, 186]
[1, 4, 7, 16, 39, 86, 122, 142, 153, 161, 164, 167, 168, 169, 171, 172, 176, 177, 177, 178, 178, 178, 178, 178, 178, 178]
[1, 21, 54, 109, 139, 150, 158, 165, 165, 173, 174, 178, 180, 181, 181, 181, 181, 182, 182, 182, 182, 182, 182, 182, 182, 182]
[1, 20, 41, 97, 135, 162, 175, 177, 182, 183, 184, 187, 190, 190, 190, 192, 192, 192, 192, 192, 192, 192, 192, 192, 192, 192]
[1, 55, 100, 140, 162, 173, 177, 179, 179, 181, 182, 183, 183, 183, 183, 186, 187, 187, 188, 188, 188, 188, 188, 188, 188, 188]
[1, 37, 80, 131, 155, 166, 174, 180, 183, 184, 185, 187, 188, 188, 188, 188, 190, 190, 190, 190, 190, 190, 190, 190, 190, 190]
[1, 7, 9, 20, 58, 102, 127, 142, 156, 166, 169, 170, 172, 175, 178, 178, 180, 180, 180, 180, 180, 180, 180, 181, 181, 181]
[1, 9, 12, 25, 68, 113, 144, 154, 162, 168, 171, 171, 174, 175, 178, 179, 179, 179, 179, 179, 179, 180, 180, 180, 180, 181]
[1, 29, 69, 117, 149, 165, 169, 174, 176, 178, 179, 180, 181, 182, 182, 183, 184, 184, 184, 184, 184, 184, 184, 184, 184, 184]
[1, 5, 8, 37, 89, 123, 149, 161, 168, 171, 176, 177, 177, 180, 180, 181, 182, 182, 183, 183, 183, 183, 183, 183, 183, 183]
[1, 53, 121, 180, 198, 207, 209, 213, 214, 215, 215, 216, 216, 216, 216, 216, 216, 216, 216, 216, 216, 216, 216, 216, 216, 216]
[1, 38, 91, 138, 163, 177, 180, 183, 185, 187, 188, 189, 189, 189, 189, 190, 191, 191, 192, 193, 193, 193, 193, 193, 193, 193]
[1, 56, 98, 141, 163, 175, 179, 181, 184, 186, 187, 188, 189, 190, 190, 190, 190, 190, 190, 190, 190, 191, 191, 191, 191, 191]
[1, 20, 48, 93, 130, 153, 162, 169, 178, 182, 184, 185, 185, 187, 187, 188, 188, 188, 188, 189, 190, 190, 190, 191, 191, 191]
