[1, 10, 23, 48, 115, 197, 249, 287, 313, 326, 338, 350, 358, 361, 371, 379, 382, 384, 389, 391, 394, 396, 397, 400, 400, 400]
[1, 31, 47, 95, 180, 246, 293, 327, 348, 363, 381, 390, 394, 399, 402, 404, 409, 412, 414, 416, 418, 418, 420, 420, 421, 422]
[1, 17, 115, 183, 262, 316, 353, 369, 379, 390, 402, 411, 418, 422, 425, 426, 429, 432, 437, 438, 439, 440, 440, 440, 441, 441]
[1, 14, 19, 45, 103, 182, 258, 295, 316, 335, 350, 364, 376, 382, 389, 401, 406, 408, 411, 412, 413, 414, 416, 418, 418, 418]
[1, 9, 81, 137, 208, 269, 311, 340, 354, 369, 376, 383, 391, 397, 402, 403, 407, 409, 416, 419, 420, 420, 424, 425, 425, 425]
[1, 92, 125, 192, 261, 306, 335, 356, 370, 381, 389, 394, 401, 407, 414, 417, 420, 423, 423, 427, 428, 432, 434, 434, 435, 435]
[1, 41, 63, 134, 209, 271, 315, 338, 346, 358, 366, 372, 378, 384, 389, 398, 400, 403, 406, 408, 413, 414, 415, 415, 416, 416]
[1, 54, 92, 155, 217, 273, 312, 339, 360, 373, 385, 389, 392, 396, 400, 404, 407, 407, 409, 409, 410, 410, 410, 410, 412, 412]
[1, 13, 56, 137, 225, 286, 328, 345, 358, 366, 370, 379, 382, 385, 387, 391, 394, 397, 397, 400, 403, 404, 404, 404, 404, 406]
[1, 2, 3, 5, 143, 194, 265, 337, 374, 395, 419, 427, 438, 449, 455, 458, 461, 466, 470, 472, 474, 475, 477, 477, 478, 478]
[1, 26, 44, 105, 196, 262, 310, 329, 351, 361, 370, 381, 384, 389, 393, 398, 402, 406, 406, 406, 408, 410, 412, 414, 415, 416]
[1, 82, 107, 164, 252, 318, 362, 379, 396, 407, 417, 426, 434, 438, 441, 447, 450, 451, 454, 457, 457, 458, 459, 459, 459, 462]
[1, 15, 30, 87, 163, 240, 286, 316, 334, 348, 358, 368, 376, 383, 389, 391, 393, 396, 397, 404, 405, 405, 407, 407, 407, 408]
[1, 11, 31, 80, 194, 255, 306, 331, 352, 364, 373, 383, 389, 392, 399, 402, 404, 408, 412, 414, 414, 415, 415, 415, 416, 417]
[1, 13, 19, 47, 127, 196, 254, 309, 323, 349, 361, 369, 384, 390, 395, 400, 405, 407, 410, 411, 413, 414, 418, 418, 418, 418]
[1, 49, 81, 149, 233, 289, 325, 351, 367, 374, 384, 392, 401, 405, 411, 414, 415, 417, 421, 422, 423, 423, 424, 424, 424, 424]
[1, 8, 27, 137, 222, 284, 320, 350, 366, 376, 387, 401, 404, 407, 410, 419, 422, 426, 427, 427, 428, 430, 432, 432, 432, 435]
[1, 15, 46, 120, 203, 259, 289, 317, 335, 348, 360, 366, 376, 383, 386, 392, 393, 397, 398, 398, 399, 400, 401, 402, 403, 403]
[1, 2, 5, 18, 44, 112, 199, 248, 284, 312, 329, 344, 352, 358, 368, 375, 379, 385, 386, 387, 387, 389, 392, 394, 394, 394]
[1, 36, 51, 89, 163, 242, 297, 322, 339, 364, 376, 387, 400, 409, 413, 418, 420, 424, 425, 425, 428, 428, 428, 428, 428, 430]
[1, 4, 7, 25, 68, 145, 216, 264, 304, 332, 358, 368, 377, 390, 394, 398, 404, 404, 406, 407, 408, 410, 410, 411, 413, 414]
[1, 11, 34, 70, 138, 220, 286, 310, 329, 346, 354, 367, 379, 380, 384, 391, 397, 400, 401, 404, 405, 405, 406, 407, 409, 410]
[1, 31, 50, 115, 189, 261, 300, 330, 354, 372, 387, 393, 399, 412, 418, 423, 426, 427, 429, 431, 432, 432, 434, 435, 438, 438]
[1, 19, 23, 49, 127, 210, 257, 298, 331, 350, 364, 369, 379, 385, 388, 395, 397, 401, 402, 404, 405, 405, 409, 409, 412, 413]
[1, 18, 43, 95, 200, 265, 303, 327, 343, 366, 376, 384, 399, 406, 406, 410, 414, 414, 416, 418, 418, 420, 420, 420, 422, 422]
