[1, 1, 1, 1, 1, 1, 1, 1, 1, 1, 1, 1, 1, 1, 1, 1, 1, 1, 1, 1, 1, 1, 1, 1, 1, 1]
[1, 1, 1, 1, 1, 1, 1, 1, 1, 1, 1, 1, 1, 1, 1, 1, 1, 1, 1, 1, 1, 1, 1, 1, 1, 1]
[1, 14, 41, 215, 546, 781, 907, 989, 1041, 1081, 1115, 1147, 1170, 1188, 1201, 1214, 1222, 1229, 1234, 1237, 1239, 1246, 1249, 1251, 1252, 1255]
[1, 3, 30, 127, 433, 699, 860, 957, 1020, 1067, 1115, 1149, 1171, 1185, 1192, 1206, 1220, 1228, 1233, 1237, 1241, 1247, 1253, 1258, 1263, 1267]
[1, 1, 1, 1, 1, 1, 1, 1, 1, 1, 1, 1, 1, 1, 1, 1, 1, 1, 1, 1, 1, 1, 1, 1, 1, 1]
[1, 1, 1, 1, 1, 1, 1, 1, 1, 1, 1, 1, 1, 1, 1, 1, 1, 1, 1, 1, 1, 1, 1, 1, 1, 1]
[1, 1, 2, 2, 2, 3, 4, 4, 5, 13, 47, 151, 441, 680, 855, 959, 1032, 1077, 1107, 1138, 1156, 1172, 1191, 1206, 1221, 1234]
[1, 5, 50, 181, 496, 773, 904, 989, 1062, 1102, 1140, 1164, 1180, 1198, 1215, 1236, 1248, 1257, 1270, 1276, 1282, 1284, 1286, 1293, 1300, 1303]
[1, 7, 28, 167, 459, 764, 906, 989, 1049, 1099, 1144, 1176, 1197, 1205, 1217, 1231, 1240, 1248, 1254, 1260, 1261, 1264, 1266, 1273, 1276, 1280]
[1, 5, 40, 300, 609, 829, 976, 1054, 1095, 1135, 1176, 1203, 1221, 1235, 1242, 1256, 1262, 1267, 1272, 1276, 1281, 1285, 1295, 1298, 1300, 1301]
[1, 17, 62, 293, 614, 845, 962, 1035, 1092, 1140, 1165, 1193, 1211, 1226, 1237, 1247, 1255, 1261, 1265, 1269, 1273, 1276, 1281, 1284, 1288, 1289]
[1, 7, 59, 200, 470, 723, 881, 964, 1033, 1084, 1127, 1156, 1174, 1191, 1212, 1226, 1234, 1243, 1249, 1253, 1257, 1260, 1266, 1267, 1274, 1276]
[1, 3, 6, 11, 55, 215, 509, 773, 914, 993, 1043, 1078, 1111, 1139, 1165, 1190, 1207, 1218, 1231, 1247, 1250, 1253, 1259, 1263, 1264, 1267]
[1, 71, 234, 565, 809, 940, 1027, 1083, 1124, 1160, 1182, 1197, 1216, 1228, 1236, 1244, 1258, 1264, 1271, 1277, 1278, 1280, 1285, 1286, 1287, 1289]
[1, 64, 119, 371, 671, 868, 983, 1067, 1129, 1157, 1183, 1208, 1220, 1241, 1252, 1260, 1271, 1277, 1284, 1288, 1292, 1295, 1297, 1300, 1304, 1305]
[1, 2, 6, 44, 267, 585, 786, 930, 1014, 1084, 1122, 1150, 1172, 1193, 1208, 1219, 1230, 1241, 1250, 1261, 1264, 1270, 1273, 1275, 1279, 1282]
[1, 2, 4, 20, 66, 281, 571, 783, 918, 995, 1065, 1111, 1134, 1163, 1179, 1188, 1199, 1210, 1219, 1226, 1229, 1231, 1237, 1239, 1244, 1247]
[1, 37, 144, 491, 733, 889, 966, 1036, 1080, 1117, 1145, 1170, 1188, 1203, 1212, 1221, 1227, 1233, 1236, 1244, 1250, 1257, 1261, 1265, 1267, 1272]
[1, 1, 1, 1, 1, 1, 1, 1, 1, 1, 1, 1, 1, 1, 1, 1, 1, 1, 1, 1, 1, 1, 1, 1, 1, 1]
[1, 2, 11, 31, 190, 513, 785, 949, 1044, 1099, 1141, 1166, 1192, 1206, 1226, 1237, 1245, 1253, 1256, 1263, 1267, 1271, 1272, 1276, 1281, 1282]
[1, 12, 26, 115, 396, 704, 865, 959, 1035, 1098, 1139, 1158, 1180, 1195, 1209, 1226, 1236, 1244, 1251, 1258, 1265, 1267, 1273, 1278, 1281, 1285]
[1, 1, 1, 1, 1, 1, 1, 1, 1, 1, 1, 1, 1, 1, 1, 1, 1, 1, 1, 1, 1, 1, 1, 1, 1, 1]
[1, 1, 1, 1, 1, 1, 1, 1, 1, 1, 1, 1, 1, 1, 1, 1, 1, 1, 1, 1, 1, 1, 1, 1, 1, 1]
[1, 1, 1, 1, 1, 1, 1, 1, 1, 1, 1, 1, 1, 1, 1, 1, 1, 1, 1, 1, 1, 1, 1, 1, 1, 1]
[1, 1, 1, 1, 1, 1, 1, 1, 1, 1, 1, 1, 1, 1, 1, 1, 1, 1, 1, 1, 1, 1, 1, 1, 1, 1]
