[1, 2, 4, 11, 25, 39, 53, 65, 70, 76, 81, 85, 88, 90, 90, 90, 90, 90, 93, 93, 93, 95, 95, 96, 96, 97]
[1, 15, 19, 26, 39, 55, 64, 71, 74, 81, 84, 85, 86, 88, 88, 90, 90, 91, 91, 92, 92, 94, 95, 96, 97, 97]
[1, 28, 37, 51, 60, 72, 75, 82, 91, 93, 97, 97, 97, 99, 99, 99, 99, 99, 99, 99, 99, 99, 100, 101, 101, 101]
[1, 2, 4, 17, 32, 47, 60, 66, 74, 81, 85, 86, 89, 90, 90, 91, 91, 92, 94, 94, 94, 94, 95, 95, 95, 95]
[1, 44, 74, 95, 96, 99, 102, 105, 106, 106, 108, 109, 109, 109, 109, 109, 109, 109, 109, 110, 111, 111, 112, 112, 112, 112]
[1, 22, 37, 54, 67, 76, 81, 85, 87, 87, 91, 92, 93, 93, 93, 95, 98, 98, 98, 99, 99, 99, 99, 100, 100, 100]
[1, 34, 67, 81, 89, 94, 98, 100, 104, 104, 105, 105, 105, 105, 105, 105, 105, 105, 106, 106, 106, 106, 106, 106, 106, 106]
[1, 33, 74, 95, 106, 116, 121, 122, 125, 126, 127, 127, 128, 128, 128, 128, 128, 128, 128, 128, 128, 128, 128, 128, 128, 128]
[1, 9, 14, 20, 28, 45, 57, 67, 70, 72, 76, 78, 82, 85, 86, 89, 91, 92, 92, 93, 93, 94, 94, 94, 95, 95]
[1, 12, 17, 30, 52, 66, 80, 81, 88, 91, 91, 92, 92, 92, 93, 93, 94, 95, 97, 97, 98, 98, 98, 98, 98, 98]
[1, 29, 38, 52, 58, 68, 70, 77, 83, 84, 88, 91, 93, 94, 97, 97, 99, 101, 102, 102, 102, 103, 103, 103, 103, 103]
[1, 15, 23, 30, 43, 54, 67, 72, 76, 82, 85, 88, 88, 90, 90, 91, 91, 91, 92, 92, 92, 92, 92, 92, 92, 93]
[1, 28, 44, 57, 65, 73, 81, 84, 87, 91, 92, 93, 95, 95, 96, 96, 97, 99, 100, 100, 101, 101, 101, 101, 101, 101]
[1, 21, 33, 47, 61, 74, 79, 83, 86, 90, 91, 92, 92, 95, 95, 95, 97, 99, 99, 101, 101, 101, 101, 101, 101, 101]
[1, 31, 72, 99, 108, 114, 116, 122, 124, 125, 126, 126, 126, 126, 127, 127, 128, 128, 128, 128, 128, 128, 128, 128, 128, 128]
[1, 34, 64, 74, 85, 90, 91, 95, 100, 102, 103, 103, 103, 105, 105, 105, 105, 105, 106, 106, 106, 106, 106, 106, 106, 106]
[1, 39, 58, 76, 81, 89, 93, 94, 98, 98, 101, 103, 103, 103, 103, 103, 103, 103, 103, 103, 103, 103, 103, 103, 103, 103]
[1, 38, 65, 97, 116, 119, 121, 122, 123, 124, 126, 126, 126, 126, 127, 127, 127, 127, 127, 127, 127, 128, 128, 128, 128, 128]
[1, 35, 65, 92, 104, 110, 114, 115, 116, 117, 117, 117, 117, 117, 117, 117, 117, 117, 118, 118, 118, 118, 118, 118, 118, 118]
[1, 10, 13, 23, 39, 51, 61, 69, 75, 79, 82, 85, 85, 88, 92, 92, 94, 94, 94, 94, 94, 94, 94, 94, 95, 96]
[1, 26, 37, 54, 67, 73, 75, 80, 85, 92, 92, 94, 96, 98, 98, 99, 99, 99, 99, 99, 99, 99, 99, 100, 100, 100]
[1, 30, 42, 59, 72, 78, 83, 86, 90, 96, 97, 98, 99, 99, 100, 101, 101, 102, 102, 102, 102, 102, 102, 102, 102, 102]
[1, 12, 16, 22, 40, 48, 64, 71, 75, 79, 85, 86, 87, 89, 89, 91, 92, 92, 92, 93, 96, 96, 96, 96, 96, 96]
[1, 29, 38, 49, 64, 70, 77, 82, 90, 92, 94, 96, 96, 97, 100, 100, 100, 101, 102, 102, 102, 102, 102, 103, 103, 103]
[1, 6, 7, 9, 12, 23, 41, 54, 65, 73, 76, 79, 85, 88, 91, 93, 93, 93, 93, 94, 95, 95, 95, 95, 95, 95]
