[1, 26, 80, 286, 684, 926, 1060, 1122, 1171, 1216, 1243, 1264, 1285, 1295, 1308, 1317, 1323, 1332, 1336, 1337, 1341, 1343, 1346, 1346, 1348, 1350]
[1, 1, 1, 2, 3, 13, 43, 210, 519, 825, 999, 1072, 1126, 1186, 1230, 1257, 1271, 1291, 1299, 1310, 1316, 1319, 1326, 1331, 1333, 1336]
[1, 5, 27, 97, 364, 698, 903, 1029, 1095, 1151, 1198, 1222, 1238, 1262, 1275, 1282, 1288, 1295, 1305, 1310, 1314, 1318, 1319, 1322, 1328, 1331]
[1, 9, 55, 220, 534, 806, 987, 1085, 1141, 1190, 1219, 1244, 1263, 1277, 1296, 1307, 1313, 1325, 1335, 1338, 1343, 1347, 1347, 1348, 1348, 1352]
[1, 2, 5, 14, 50, 228, 588, 857, 995, 1068, 1137, 1181, 1205, 1216, 1236, 1251, 1264, 1275, 1281, 1290, 1292, 1303, 1311, 1313, 1319, 1319]
[1, 1, 1, 1, 1, 1, 1, 1, 1, 1, 1, 1, 1, 1, 1, 1, 1, 1, 1, 1, 1, 1, 1, 1, 1, 1]
[1, 3, 11, 86, 372, 791, 998, 1115, 1178, 1223, 1246, 1277, 1297, 1312, 1322, 1330, 1338, 1346, 1351, 1360, 1367, 1371, 1374, 1377, 1379, 1381]
[1, 1, 1, 1, 1, 1, 2, 4, 14, 81, 373, 729, 928, 1053, 1143, 1203, 1257, 1282, 1297, 1309, 1318, 1329, 1343, 1347, 1350, 1353]
[1, 5, 48, 250, 605, 874, 1037, 1128, 1185, 1221, 1252, 1274, 1294, 1310, 1320, 1334, 1347, 1356, 1361, 1364, 1369, 1371, 1372, 1375, 1381, 1382]
[1, 3, 4, 8, 17, 64, 243, 614, 887, 1038, 1114, 1160, 1212, 1247, 1271, 1282, 1294, 1302, 1313, 1317, 1323, 1325, 1327, 1329, 1332, 1333]
[1, 5, 22, 114, 407, 724, 912, 1018, 1106, 1150, 1190, 1217, 1240, 1262, 1281, 1291, 1307, 1314, 1321, 1329, 1332, 1338, 1343, 1344, 1350, 1352]
[1, 12, 43, 135, 432, 787, 955, 1068, 1132, 1184, 1219, 1239, 1251, 1269, 1281, 1299, 1306, 1315, 1321, 1325, 1328, 1332, 1335, 1339, 1341, 1344]
[1, 5, 12, 58, 193, 505, 794, 971, 1070, 1140, 1181, 1212, 1247, 1264, 1279, 1295, 1305, 1312, 1319, 1326, 1334, 1338, 1344, 1349, 1349, 1351]
[1, 1, 1, 1, 1, 1, 1, 1, 1, 1, 1, 1, 1, 1, 1, 1, 1, 1, 1, 1, 1, 1, 1, 1, 1, 1]
[1, 2, 13, 52, 211, 572, 836, 976, 1066, 1133, 1179, 1205, 1229, 1250, 1263, 1275, 1281, 1284, 1288, 1296, 1306, 1310, 1312, 1313, 1316, 1318]
[1, 7, 49, 176, 470, 802, 947, 1042, 1106, 1150, 1181, 1204, 1221, 1236, 1250, 1259, 1268, 1278, 1288, 1291, 1295, 1300, 1302, 1305, 1308, 1310]
[1, 12, 58, 252, 618, 871, 1006, 1092, 1150, 1182, 1220, 1241, 1263, 1279, 1288, 1298, 1310, 1317, 1323, 1326, 1335, 1339, 1344, 1345, 1346, 1346]
[1, 31, 103, 380, 711, 905, 1016, 1100, 1138, 1180, 1219, 1247, 1268, 1283, 1292, 1298, 1306, 1314, 1327, 1332, 1335, 1336, 1338, 1341, 1344, 1346]
[1, 9, 37, 174, 519, 838, 1018, 1115, 1190, 1242, 1267, 1291, 1316, 1332, 1340, 1346, 1354, 1360, 1363, 1367, 1369, 1369, 1374, 1375, 1378, 1380]
[1, 3, 21, 101, 378, 700, 926, 1042, 1106, 1162, 1203, 1232, 1250, 1266, 1277, 1291, 1300, 1308, 1314, 1321, 1326, 1334, 1334, 1336, 1337, 1339]
[1, 7, 28, 112, 453, 800, 973, 1076, 1148, 1198, 1240, 1268, 1290, 1308, 1324, 1334, 1343, 1351, 1360, 1362, 1370, 1371, 1372, 1376, 1377, 1380]
[1, 4, 7, 24, 162, 532, 831, 993, 1089, 1143, 1197, 1233, 1247, 1268, 1285, 1295, 1306, 1312, 1320, 1330, 1336, 1338, 1341, 1345, 1346, 1351]
[1, 1, 1, 1, 1, 1, 1, 1, 1, 1, 1, 1, 1, 1, 1, 1, 1, 1, 1, 1, 1, 1, 1, 1, 1, 1]
[1, 7, 17, 49, 172, 537, 858, 1027, 1130, 1189, 1217, 1241, 1263, 1277, 1295, 1310, 1317, 1325, 1334, 1338, 1344, 1348, 1351, 1353, 1355, 1356]
[1, 15, 78, 374, 737, 937, 1052, 1130, 1186, 1233, 1266, 1287, 1303, 1315, 1325, 1342, 1350, 1359, 1364, 1369, 1373, 1375, 1379, 1380, 1383, 1385]
