[1, 17, 24, 89, 235, 401, 509, 554, 607, 633, 658, 680, 698, 713, 729, 737, 743, 750, 751, 755, 759, 760, 763, 767, 769, 771]
[1, 12, 24, 96, 236, 401, 496, 559, 609, 647, 681, 692, 710, 716, 722, 730, 734, 741, 742, 744, 747, 748, 750, 751, 755, 759]
[1, 4, 7, 20, 90, 190, 368, 505, 574, 629, 664, 691, 712, 720, 731, 741, 746, 752, 759, 761, 766, 769, 773, 775, 779, 781]
[1, 12, 18, 62, 169, 360, 478, 554, 593, 629, 667, 686, 697, 712, 728, 734, 741, 742, 748, 755, 759, 764, 768, 769, 773, 774]
[1, 2, 2, 2, 3, 5, 13, 46, 200, 359, 480, 546, 598, 626, 655, 668, 692, 703, 712, 723, 728, 730, 734, 738, 738, 739]
[1, 19, 54, 198, 365, 466, 543, 596, 636, 661, 679, 695, 703, 711, 721, 730, 735, 739, 742, 747, 749, 754, 759, 760, 761, 763]
[1, 42, 104, 245, 397, 506, 574, 618, 647, 674, 694, 713, 725, 738, 748, 755, 757, 759, 765, 766, 769, 773, 776, 777, 779, 780]
[1, 7, 26, 127, 294, 439, 518, 563, 596, 623, 647, 661, 670, 680, 691, 702, 711, 718, 720, 723, 725, 725, 726, 728, 730, 732]
[1, 25, 55, 174, 370, 477, 540, 590, 628, 657, 677, 698, 718, 725, 729, 734, 738, 746, 751, 754, 756, 758, 758, 761, 762, 763]
[1, 2, 2, 4, 33, 111, 288, 433, 523, 569, 608, 639, 667, 681, 696, 707, 714, 718, 726, 736, 738, 740, 742, 745, 747, 751]
[1, 1, 1, 1, 1, 1, 1, 1, 1, 1, 1, 1, 1, 1, 1, 1, 1, 1, 1, 1, 1, 1, 1, 1, 1, 1]
[1, 10, 12, 22, 61, 218, 380, 480, 546, 593, 629, 647, 667, 682, 698, 706, 715, 722, 728, 733, 738, 740, 745, 748, 749, 751]
[1, 13, 39, 194, 357, 476, 541, 602, 641, 671, 693, 716, 732, 745, 751, 758, 766, 771, 776, 781, 786, 789, 793, 793, 797, 797]
[1, 3, 6, 47, 214, 376, 504, 572, 610, 647, 672, 692, 707, 723, 730, 734, 742, 744, 747, 747, 751, 757, 761, 763, 763, 763]
[1, 2, 9, 41, 150, 332, 458, 537, 586, 623, 649, 670, 683, 698, 709, 718, 724, 729, 735, 741, 743, 748, 751, 753, 754, 758]
[1, 8, 35, 141, 314, 452, 523, 575, 620, 656, 681, 698, 706, 723, 737, 742, 747, 754, 757, 759, 762, 765, 769, 772, 773, 774]
[1, 2, 4, 7, 20, 54, 166, 343, 463, 528, 568, 612, 640, 660, 675, 689, 696, 704, 713, 718, 724, 727, 730, 735, 736, 740]
[1, 7, 28, 118, 317, 464, 547, 605, 643, 670, 691, 704, 716, 734, 744, 754, 759, 763, 764, 766, 772, 777, 778, 782, 785, 789]
[1, 7, 10, 41, 139, 299, 430, 521, 577, 614, 643, 666, 681, 697, 709, 722, 731, 736, 742, 745, 750, 754, 755, 756, 757, 759]
[1, 9, 19, 67, 243, 404, 514, 578, 632, 666, 695, 707, 714, 720, 727, 737, 741, 745, 747, 749, 749, 752, 754, 754, 756, 757]
[1, 9, 57, 225, 397, 506, 577, 632, 656, 677, 701, 715, 726, 736, 745, 748, 756, 761, 766, 769, 769, 769, 772, 776, 779, 780]
[1, 22, 59, 214, 368, 456, 533, 585, 618, 644, 664, 688, 706, 713, 717, 724, 730, 733, 738, 742, 746, 747, 750, 752, 755, 756]
[1, 20, 56, 189, 372, 482, 564, 604, 639, 671, 689, 701, 720, 737, 746, 751, 760, 765, 769, 773, 777, 778, 779, 781, 781, 784]
[1, 43, 98, 290, 460, 537, 595, 634, 663, 694, 710, 735, 744, 753, 761, 767, 773, 777, 781, 783, 784, 785, 788, 788, 790, 791]
[1, 38, 79, 237, 400, 499, 575, 612, 644, 665, 689, 702, 717, 725, 739, 744, 750, 755, 758, 764, 766, 767, 769, 773, 774, 776]
