[1, 1, 1, 2, 2, 2, 3, 9, 27, 53, 93, 125, 148, 169, 181, 190, 195, 204, 207, 208, 209, 210, 213, 216, 216, 217]
[1, 4, 11, 18, 71, 134, 176, 199, 212, 221, 225, 234, 236, 237, 240, 243, 245, 245, 247, 248, 250, 251, 251, 251, 252, 252]
[1, 4, 10, 19, 59, 97, 137, 162, 175, 192, 203, 209, 211, 212, 213, 217, 218, 221, 223, 225, 226, 227, 229, 230, 231, 232]
[1, 1, 1, 1, 1, 1, 1, 1, 1, 1, 1, 1, 1, 1, 1, 1, 1, 1, 1, 1, 1, 1, 1, 1, 1, 1]
[1, 5, 9, 21, 39, 69, 139, 175, 193, 205, 218, 228, 229, 234, 234, 235, 235, 235, 237, 240, 241, 242, 242, 242, 245, 246]
[1, 2, 3, 18, 54, 111, 157, 178, 197, 210, 217, 225, 229, 233, 235, 237, 237, 239, 240, 243, 244, 244, 245, 245, 245, 246]
[1, 3, 11, 22, 43, 68, 102, 140, 161, 175, 185, 189, 197, 202, 202, 206, 208, 209, 210, 210, 211, 212, 212, 214, 214, 214]
[1, 1, 2, 15, 45, 82, 119, 144, 164, 181, 190, 195, 204, 208, 212, 217, 219, 221, 221, 221, 224, 224, 225, 226, 226, 226]
[1, 2, 2, 2, 2, 3, 4, 5, 8, 20, 48, 91, 124, 145, 167, 177, 186, 191, 194, 196, 198, 202, 206, 208, 209, 213]
[1, 3, 5, 14, 22, 42, 76, 118, 142, 162, 173, 183, 188, 194, 198, 201, 205, 205, 205, 207, 208, 210, 210, 210, 211, 211]
[1, 1, 1, 1, 1, 1, 1, 1, 1, 1, 1, 1, 1, 1, 1, 1, 1, 1, 1, 1, 1, 1, 1, 1, 1, 1]
[1, 1, 1, 1, 1, 2, 2, 2, 2, 2, 3, 7, 11, 28, 63, 108, 129, 150, 158, 165, 178, 182, 191, 194, 201, 203]
[1, 3, 17, 57, 98, 132, 153, 163, 170, 178, 182, 185, 189, 194, 199, 201, 205, 207, 207, 207, 208, 208, 208, 210, 210, 211]
[1, 1, 1, 1, 1, 1, 1, 1, 1, 1, 1, 2, 2, 2, 2, 3, 8, 26, 69, 117, 146, 168, 179, 193, 201, 206]
[1, 4, 7, 16, 47, 91, 144, 164, 176, 184, 198, 202, 209, 211, 213, 216, 220, 220, 221, 224, 224, 226, 228, 230, 231, 231]
[1, 1, 1, 1, 1, 1, 1, 1, 1, 1, 1, 1, 1, 1, 1, 1, 1, 1, 1, 1, 1, 1, 1, 1, 1, 1]
[1, 3, 13, 46, 104, 134, 154, 173, 183, 190, 195, 198, 202, 206, 209, 210, 212, 212, 212, 213, 215, 216, 216, 220, 220, 221]
[1, 2, 4, 8, 14, 24, 51, 106, 148, 166, 177, 186, 191, 198, 202, 206, 209, 210, 212, 213, 216, 218, 219, 219, 220, 220]
[1, 4, 4, 5, 9, 18, 51, 89, 126, 154, 170, 185, 195, 200, 207, 211, 213, 216, 217, 218, 220, 222, 222, 224, 225, 225]
[1, 2, 15, 54, 104, 136, 156, 176, 187, 189, 196, 200, 201, 206, 209, 215, 217, 217, 218, 219, 220, 221, 221, 221, 222, 223]
[1, 1, 1, 1, 1, 1, 1, 1, 1, 1, 1, 1, 1, 1, 1, 1, 1, 1, 1, 1, 1, 1, 1, 1, 1, 1]
[1, 3, 3, 3, 3, 4, 4, 4, 4, 4, 4, 5, 18, 38, 82, 116, 143, 169, 183, 188, 198, 203, 211, 214, 217, 218]
[1, 4, 8, 16, 26, 44, 92, 124, 149, 159, 171, 180, 187, 188, 192, 196, 197, 198, 199, 200, 203, 204, 204, 204, 205, 205]
[1, 9, 17, 23, 42, 74, 114, 143, 160, 174, 180, 187, 193, 196, 199, 207, 209, 210, 211, 211, 212, 213, 214, 214, 214, 214]
[1, 19, 28, 60, 102, 132, 155, 165, 176, 185, 189, 194, 199, 205, 205, 207, 210, 211, 213, 215, 220, 220, 220, 221, 222, 223]
