[1, 28, 65, 156, 240, 272, 297, 304, 314, 321, 326, 332, 334, 335, 338, 338, 340, 341, 341, 342, 342, 342, 343, 343, 344, 344]
[1, 69, 138, 219, 265, 292, 312, 324, 332, 338, 345, 346, 347, 349, 350, 353, 354, 355, 355, 355, 355, 355, 356, 356, 357, 357]
[1, 58, 90, 187, 248, 285, 304, 318, 321, 323, 328, 335, 340, 342, 342, 342, 344, 346, 348, 349, 350, 350, 351, 353, 355, 356]
[1, 40, 95, 204, 252, 283, 306, 317, 326, 329, 332, 334, 337, 339, 342, 345, 346, 346, 347, 348, 348, 349, 349, 351, 351, 351]
[1, 93, 164, 245, 289, 308, 318, 325, 334, 338, 342, 345, 347, 351, 355, 356, 357, 359, 360, 361, 361, 361, 361, 361, 361, 361]
[1, 74, 132, 221, 256, 281, 299, 307, 311, 317, 323, 329, 335, 337, 342, 344, 345, 347, 349, 349, 349, 350, 350, 351, 352, 352]
[1, 35, 79, 173, 230, 267, 285, 299, 307, 315, 320, 325, 330, 335, 337, 340, 342, 342, 343, 344, 344, 345, 345, 345, 346, 347]
[1, 15, 15, 19, 47, 115, 213, 255, 282, 304, 314, 320, 324, 331, 333, 333, 336, 338, 340, 341, 341, 343, 345, 345, 346, 346]
[1, 50, 87, 187, 251, 279, 294, 306, 314, 320, 325, 328, 333, 336, 337, 339, 342, 342, 343, 343, 345, 345, 345, 345, 345, 346]
[1, 17, 26, 81, 171, 223, 262, 281, 295, 302, 309, 315, 319, 324, 331, 333, 334, 336, 338, 340, 340, 341, 343, 343, 343, 343]
[1, 25, 42, 126, 212, 259, 284, 298, 307, 319, 325, 329, 333, 334, 338, 338, 339, 340, 342, 343, 343, 343, 344, 344, 345, 346]
[1, 45, 76, 175, 240, 279, 298, 310, 317, 322, 330, 332, 332, 336, 339, 345, 345, 347, 348, 350, 351, 351, 351, 353, 353, 353]
[1, 37, 72, 176, 241, 272, 298, 313, 322, 325, 329, 333, 333, 337, 339, 345, 346, 347, 348, 350, 351, 351, 351, 351, 352, 352]
[1, 72, 195, 298, 335, 351, 356, 363, 369, 371, 373, 376, 377, 379, 380, 380, 381, 382, 383, 384, 384, 384, 384, 384, 384, 384]
[1, 12, 38, 126, 222, 257, 277, 289, 300, 309, 316, 319, 321, 325, 328, 330, 334, 335, 336, 339, 339, 339, 340, 340, 340, 342]
[1, 14, 30, 97, 186, 242, 273, 282, 291, 301, 309, 318, 325, 330, 332, 334, 335, 337, 339, 339, 339, 339, 340, 341, 342, 343]
[1, 44, 81, 177, 248, 269, 283, 297, 308, 318, 322, 328, 331, 332, 335, 338, 339, 339, 340, 341, 341, 341, 341, 342, 342, 342]
[1, 2, 2, 3, 4, 27, 93, 178, 229, 258, 276, 295, 301, 305, 310, 315, 317, 321, 326, 329, 330, 330, 330, 332, 332, 332]
[1, 27, 64, 167, 239, 267, 282, 302, 312, 318, 326, 332, 336, 338, 339, 341, 341, 343, 344, 344, 344, 345, 345, 345, 345, 346]
[1, 14, 43, 120, 191, 235, 261, 274, 290, 305, 318, 320, 323, 328, 329, 330, 331, 333, 333, 334, 336, 337, 338, 338, 339, 339]
[1, 36, 74, 143, 232, 268, 284, 299, 308, 321, 327, 331, 332, 334, 337, 338, 338, 340, 341, 343, 345, 345, 345, 346, 347, 347]
[1, 1, 1, 1, 1, 1, 1, 1, 1, 1, 1, 1, 1, 1, 1, 1, 1, 1, 1, 1, 1, 1, 1, 1, 1, 1]
[1, 71, 119, 206, 270, 295, 313, 329, 335, 341, 342, 345, 348, 351, 354, 354, 358, 359, 360, 361, 363, 363, 363, 364, 364, 364]
[1, 5, 10, 29, 100, 190, 243, 267, 285, 301, 306, 314, 315, 322, 327, 328, 329, 330, 332, 334, 334, 335, 335, 337, 338, 338]
[1, 78, 145, 240, 282, 298, 320, 329, 334, 345, 348, 348, 350, 355, 356, 356, 356, 359, 360, 360, 361, 361, 361, 361, 361, 361]
