[1, 2, 2, 2, 4, 11, 28, 162, 432, 634, 734, 814, 865, 897, 923, 940, 953, 967, 978, 987, 990, 998, 1001, 1003, 1009, 1014]
[1, 1, 1, 1, 1, 1, 1, 1, 1, 1, 1, 1, 1, 1, 1, 1, 1, 1, 1, 1, 1, 1, 1, 1, 1, 1]
[1, 6, 13, 95, 357, 571, 702, 792, 844, 876, 910, 929, 956, 968, 979, 986, 995, 1001, 1008, 1012, 1015, 1019, 1021, 1026, 1028, 1031]
[1, 16, 32, 104, 301, 487, 622, 702, 760, 805, 843, 864, 889, 900, 916, 926, 933, 942, 947, 954, 956, 960, 961, 963, 966, 968]
[1, 1, 2, 2, 2, 2, 2, 2, 2, 2, 3, 9, 13, 60, 181, 460, 657, 777, 846, 882, 915, 942, 958, 968, 974, 979]
[1, 2, 5, 10, 29, 136, 309, 541, 677, 767, 813, 847, 880, 900, 920, 937, 955, 966, 972, 979, 985, 989, 994, 999, 1001, 1002]
[1, 1, 1, 1, 1, 1, 1, 2, 8, 51, 191, 443, 594, 695, 767, 823, 860, 885, 902, 917, 935, 946, 956, 963, 968, 975]
[1, 2, 2, 3, 4, 4, 7, 16, 51, 185, 443, 605, 708, 765, 817, 856, 885, 916, 927, 939, 953, 960, 965, 970, 978, 980]
[1, 15, 72, 227, 443, 585, 695, 754, 805, 848, 866, 889, 906, 914, 929, 940, 949, 954, 959, 966, 967, 971, 976, 981, 984, 987]
[1, 7, 34, 156, 381, 595, 744, 823, 882, 918, 951, 979, 997, 1005, 1011, 1018, 1020, 1024, 1028, 1031, 1034, 1037, 1040, 1041, 1042, 1043]
[1, 9, 39, 145, 380, 579, 689, 769, 825, 865, 887, 909, 928, 940, 949, 959, 966, 971, 975, 979, 981, 984, 987, 988, 989, 990]
[1, 1, 1, 1, 1, 1, 1, 1, 1, 1, 1, 1, 1, 1, 1, 1, 1, 2, 5, 75, 209, 425, 626, 740, 811, 853]
[1, 66, 153, 413, 611, 731, 808, 864, 904, 933, 949, 969, 981, 992, 1002, 1010, 1012, 1021, 1025, 1028, 1031, 1032, 1034, 1039, 1040, 1044]
[1, 2, 13, 32, 94, 343, 550, 681, 770, 826, 858, 884, 916, 938, 957, 967, 973, 981, 990, 994, 998, 1000, 1003, 1005, 1009, 1013]
[1, 1, 1, 1, 1, 1, 1, 1, 1, 1, 1, 1, 1, 1, 1, 1, 1, 1, 1, 1, 1, 1, 1, 1, 1, 1]
[1, 9, 72, 257, 508, 669, 768, 822, 866, 891, 915, 932, 945, 959, 967, 975, 982, 984, 989, 990, 992, 994, 997, 1000, 1001, 1001]
[1, 1, 1, 1, 1, 1, 1, 1, 1, 1, 1, 1, 1, 1, 1, 1, 1, 1, 1, 1, 1, 1, 1, 1, 1, 1]
[1, 5, 36, 151, 412, 606, 730, 803, 848, 883, 910, 925, 936, 946, 956, 963, 969, 978, 981, 985, 989, 993, 996, 999, 1001, 1002]
[1, 3, 16, 103, 317, 524, 653, 739, 799, 843, 863, 894, 908, 920, 938, 947, 959, 965, 972, 975, 976, 981, 987, 989, 992, 994]
[1, 4, 16, 61, 189, 495, 680, 762, 832, 873, 902, 929, 949, 963, 974, 978, 986, 989, 994, 999, 1002, 1005, 1009, 1012, 1013, 1014]
[1, 55, 128, 363, 610, 720, 786, 848, 881, 907, 928, 943, 953, 965, 976, 986, 992, 996, 1000, 1003, 1005, 1006, 1009, 1012, 1014, 1014]
[1, 8, 52, 174, 429, 623, 747, 813, 853, 889, 914, 941, 963, 974, 982, 996, 1000, 1007, 1011, 1014, 1015, 1017, 1020, 1023, 1024, 1027]
[1, 1, 1, 1, 1, 1, 1, 1, 1, 1, 1, 1, 1, 1, 1, 1, 1, 1, 1, 1, 1, 1, 1, 1, 1, 1]
[1, 10, 42, 182, 473, 624, 718, 783, 846, 884, 905, 929, 947, 960, 968, 974, 979, 986, 990, 995, 998, 1001, 1002, 1002, 1004, 1007]
[1, 1, 1, 1, 1, 1, 1, 1, 1, 1, 1, 1, 1, 1, 1, 1, 1, 1, 1, 1, 1, 1, 1, 1, 1, 1]
