[1, 7, 10, 27, 88, 176, 223, 256, 281, 289, 297, 305, 308, 311, 313, 318, 320, 321, 321, 321, 322, 323, 324, 324, 324, 324]
[1, 11, 23, 103, 208, 252, 273, 293, 302, 308, 311, 316, 319, 319, 323, 326, 327, 332, 333, 333, 333, 333, 333, 333, 333, 333]
[1, 22, 44, 110, 200, 248, 273, 291, 300, 304, 310, 313, 317, 317, 320, 321, 324, 327, 327, 328, 328, 331, 331, 331, 332, 333]
[1, 24, 50, 127, 209, 254, 277, 289, 300, 308, 314, 319, 323, 326, 329, 330, 331, 332, 332, 332, 334, 335, 337, 337, 337, 338]
[1, 2, 2, 3, 3, 3, 3, 3, 4, 8, 17, 45, 101, 175, 232, 254, 270, 279, 285, 289, 296, 299, 304, 308, 311, 312]
[1, 4, 41, 127, 207, 246, 272, 291, 300, 307, 312, 315, 321, 326, 329, 332, 332, 332, 333, 333, 333, 334, 335, 335, 335, 335]
[1, 27, 40, 94, 174, 228, 257, 274, 283, 290, 296, 306, 310, 316, 319, 321, 323, 324, 327, 330, 332, 332, 333, 334, 334, 336]
[1, 1, 1, 1, 1, 1, 1, 1, 1, 1, 1, 1, 1, 1, 1, 1, 1, 1, 1, 1, 1, 1, 1, 1, 1, 1]
[1, 10, 19, 60, 142, 202, 237, 263, 273, 281, 290, 293, 297, 300, 305, 309, 309, 312, 314, 314, 316, 318, 320, 321, 321, 322]
[1, 28, 44, 97, 175, 224, 252, 271, 285, 288, 297, 302, 306, 309, 313, 314, 317, 318, 322, 324, 325, 326, 326, 328, 329, 330]
[1, 12, 36, 85, 175, 235, 267, 286, 296, 309, 317, 320, 325, 327, 328, 330, 331, 333, 334, 337, 337, 338, 338, 338, 339, 340]
[1, 25, 59, 136, 209, 249, 265, 276, 288, 295, 299, 305, 309, 311, 315, 319, 322, 322, 323, 324, 324, 324, 324, 324, 324, 324]
[1, 15, 27, 86, 182, 239, 269, 284, 296, 304, 311, 317, 321, 321, 324, 326, 327, 329, 329, 330, 331, 331, 331, 331, 331, 331]
[1, 92, 200, 263, 305, 322, 327, 334, 338, 344, 347, 348, 349, 353, 356, 359, 360, 362, 363, 364, 366, 366, 366, 366, 368, 368]
[1, 14, 46, 115, 204, 242, 263, 277, 289, 301, 306, 314, 316, 321, 323, 324, 328, 330, 330, 331, 331, 331, 331, 332, 332, 332]
[1, 40, 66, 144, 232, 265, 287, 303, 314, 321, 330, 332, 336, 338, 339, 342, 343, 344, 344, 344, 344, 345, 345, 346, 347, 347]
[1, 28, 51, 145, 220, 263, 282, 303, 309, 315, 320, 322, 323, 329, 332, 335, 335, 336, 337, 338, 339, 340, 341, 341, 341, 342]
[1, 7, 10, 45, 106, 187, 238, 265, 277, 291, 301, 306, 313, 316, 319, 321, 323, 324, 324, 326, 327, 328, 329, 330, 330, 330]
[1, 22, 49, 119, 196, 235, 262, 278, 286, 295, 301, 304, 309, 311, 316, 318, 320, 322, 323, 324, 325, 325, 325, 325, 325, 325]
[1, 15, 32, 107, 183, 234, 253, 270, 282, 292, 300, 306, 308, 312, 313, 315, 318, 318, 319, 320, 320, 320, 320, 320, 320, 320]
[1, 10, 35, 112, 203, 246, 277, 290, 297, 307, 313, 320, 322, 325, 327, 328, 329, 330, 331, 332, 332, 333, 334, 335, 335, 336]
[1, 28, 44, 119, 215, 267, 281, 299, 311, 316, 319, 324, 326, 328, 331, 333, 338, 341, 342, 342, 342, 342, 342, 342, 342, 343]
[1, 38, 72, 155, 224, 257, 276, 292, 300, 307, 311, 314, 318, 319, 320, 322, 324, 325, 326, 327, 329, 329, 330, 331, 332, 332]
[1, 23, 70, 144, 221, 258, 274, 291, 296, 304, 308, 313, 314, 317, 320, 323, 324, 325, 327, 330, 333, 333, 334, 334, 334, 334]
[1, 45, 93, 189, 245, 272, 284, 294, 306, 312, 318, 322, 326, 327, 331, 332, 335, 337, 339, 339, 339, 340, 341, 342, 342, 342]
