[1, 2, 2, 2, 2, 2, 2, 2, 3, 4, 12, 24, 52, 69, 81, 91, 97, 100, 103, 109, 115, 117, 119, 120, 122, 123]
[1, 3, 11, 25, 44, 65, 81, 92, 95, 96, 101, 103, 107, 112, 117, 123, 125, 126, 129, 130, 130, 130, 130, 130, 130, 130]
[1, 1, 1, 1, 1, 1, 1, 1, 2, 2, 4, 4, 7, 12, 16, 30, 53, 71, 80, 89, 93, 98, 100, 107, 109, 112]
[1, 2, 2, 3, 12, 36, 54, 67, 76, 84, 92, 100, 102, 106, 108, 116, 118, 118, 118, 119, 121, 123, 124, 126, 126, 126]
[1, 1, 1, 1, 2, 4, 6, 10, 26, 40, 58, 64, 75, 86, 91, 94, 96, 100, 105, 107, 108, 111, 116, 121, 122, 125]
[1, 15, 23, 34, 43, 66, 86, 91, 100, 103, 105, 111, 114, 116, 117, 120, 122, 122, 124, 125, 126, 126, 128, 130, 131, 131]
[1, 14, 35, 61, 82, 98, 105, 111, 114, 117, 120, 123, 128, 128, 129, 131, 132, 133, 134, 135, 135, 135, 135, 135, 135, 135]
[1, 15, 31, 54, 76, 94, 99, 115, 122, 130, 133, 135, 137, 137, 140, 141, 142, 142, 143, 143, 143, 144, 144, 144, 144, 144]
[1, 3, 3, 3, 3, 3, 3, 3, 3, 3, 3, 3, 4, 4, 5, 12, 15, 27, 38, 49, 61, 68, 72, 75, 82, 88]
[1, 2, 2, 2, 2, 2, 2, 2, 2, 2, 2, 2, 2, 2, 2, 2, 2, 2, 2, 2, 2, 2, 2, 2, 2, 2]
[1, 2, 3, 5, 9, 18, 24, 43, 52, 65, 77, 87, 97, 99, 103, 106, 107, 107, 109, 110, 110, 110, 111, 112, 113, 113]
[1, 13, 32, 53, 69, 74, 81, 88, 98, 101, 106, 110, 110, 111, 112, 114, 116, 120, 120, 121, 122, 122, 123, 124, 126, 126]
[1, 3, 4, 12, 25, 40, 59, 65, 74, 77, 86, 88, 89, 93, 98, 101, 104, 104, 107, 108, 108, 110, 110, 113, 115, 115]
[1, 2, 2, 2, 2, 2, 3, 7, 13, 34, 56, 76, 87, 98, 108, 115, 124, 131, 135, 139, 139, 142, 144, 147, 150, 151]
[1, 6, 10, 16, 37, 57, 71, 79, 86, 95, 99, 105, 110, 112, 118, 121, 122, 123, 125, 125, 125, 126, 127, 127, 127, 128]
[1, 1, 1, 1, 1, 2, 3, 5, 5, 9, 16, 36, 56, 64, 76, 80, 84, 89, 93, 96, 97, 99, 102, 102, 104, 107]
[1, 1, 1, 1, 1, 1, 1, 1, 1, 1, 1, 1, 1, 1, 1, 1, 1, 1, 1, 1, 1, 1, 1, 1, 1, 1]
[1, 1, 1, 1, 1, 1, 1, 2, 14, 26, 36, 55, 66, 77, 88, 90, 93, 93, 95, 100, 103, 104, 108, 108, 110, 110]
[1, 1, 1, 1, 1, 2, 2, 2, 2, 2, 2, 2, 2, 2, 2, 2, 2, 2, 2, 2, 2, 2, 2, 2, 2, 2]
[1, 16, 46, 66, 83, 92, 100, 104, 106, 110, 112, 112, 112, 112, 112, 115, 118, 118, 119, 120, 120, 121, 124, 124, 125, 125]
[1, 15, 23, 36, 54, 69, 83, 90, 95, 102, 104, 106, 110, 113, 116, 116, 117, 119, 121, 123, 123, 124, 124, 124, 124, 124]
[1, 8, 15, 30, 46, 64, 71, 78, 81, 85, 92, 96, 99, 102, 107, 112, 116, 117, 118, 120, 120, 121, 121, 124, 124, 125]
[1, 1, 1, 1, 1, 1, 1, 1, 1, 1, 1, 1, 1, 3, 3, 3, 3, 3, 3, 4, 5, 7, 14, 33, 59, 79]
[1, 1, 1, 1, 1, 1, 1, 1, 1, 1, 1, 1, 1, 1, 1, 1, 1, 1, 1, 1, 1, 1, 1, 1, 1, 1]
[1, 1, 1, 1, 3, 11, 17, 29, 54, 74, 92, 102, 107, 112, 114, 117, 120, 120, 121, 122, 123, 125, 125, 126, 127, 128]
