[1, 1, 1, 1, 1, 1, 1, 1, 1, 1, 1, 1, 1, 1, 1, 1, 1, 1, 1, 1, 1, 1, 1, 1, 1, 1]
[1, 8, 21, 48, 102, 145, 166, 182, 184, 190, 195, 198, 198, 200, 201, 201, 201, 203, 204, 204, 205, 206, 206, 206, 206, 206]
[1, 1, 2, 4, 18, 59, 101, 138, 155, 174, 179, 182, 186, 188, 190, 194, 195, 196, 196, 196, 197, 198, 198, 199, 199, 199]
[1, 4, 10, 29, 90, 129, 156, 168, 180, 187, 190, 191, 195, 197, 199, 200, 201, 202, 202, 203, 203, 203, 203, 203, 203, 203]
[1, 2, 22, 61, 118, 149, 165, 176, 181, 187, 187, 189, 191, 191, 194, 196, 196, 196, 196, 197, 198, 198, 198, 198, 198, 198]
[1, 2, 23, 74, 129, 160, 174, 183, 188, 193, 195, 198, 199, 199, 199, 200, 200, 200, 201, 203, 204, 204, 204, 204, 205, 205]
[1, 1, 2, 5, 23, 55, 112, 153, 178, 190, 192, 193, 194, 195, 196, 197, 199, 201, 203, 203, 203, 203, 203, 203, 203, 203]
[1, 1, 2, 2, 2, 2, 2, 2, 2, 3, 5, 15, 55, 112, 148, 174, 182, 187, 194, 196, 197, 197, 198, 199, 201, 201]
[1, 7, 10, 28, 61, 104, 147, 164, 175, 182, 186, 190, 190, 193, 194, 196, 197, 199, 199, 200, 200, 201, 201, 203, 203, 203]
[1, 2, 7, 20, 51, 87, 138, 152, 169, 180, 185, 189, 193, 195, 196, 198, 199, 201, 201, 201, 201, 201, 201, 201, 201, 201]
[1, 4, 22, 93, 151, 177, 192, 200, 206, 211, 211, 212, 212, 213, 214, 215, 215, 215, 216, 216, 216, 216, 217, 218, 218, 218]
[1, 2, 4, 18, 47, 87, 120, 145, 165, 175, 184, 188, 191, 192, 195, 196, 200, 200, 202, 202, 203, 203, 203, 203, 203, 203]
[1, 3, 6, 15, 49, 99, 142, 165, 174, 183, 188, 193, 197, 199, 199, 199, 199, 201, 201, 202, 203, 203, 204, 205, 205, 205]
[1, 1, 2, 4, 8, 15, 41, 83, 129, 151, 162, 165, 170, 174, 179, 184, 186, 188, 190, 190, 192, 192, 194, 194, 194, 194]
[1, 7, 10, 16, 24, 49, 101, 135, 159, 172, 177, 179, 184, 189, 191, 194, 197, 197, 197, 198, 198, 198, 199, 199, 199, 200]
[1, 9, 18, 49, 104, 137, 160, 174, 179, 183, 188, 192, 192, 194, 196, 197, 197, 197, 197, 198, 198, 199, 199, 199, 199, 199]
[1, 9, 18, 49, 102, 130, 147, 166, 172, 176, 179, 182, 185, 189, 191, 194, 196, 199, 199, 200, 200, 200, 200, 200, 200, 200]
[1, 1, 1, 1, 1, 2, 3, 12, 33, 73, 142, 170, 179, 183, 186, 188, 191, 194, 197, 199, 201, 202, 202, 202, 202, 202]
[1, 1, 1, 1, 1, 1, 1, 1, 1, 1, 1, 1, 1, 1, 1, 1, 1, 1, 1, 1, 1, 1, 1, 1, 1, 1]
[1, 30, 54, 99, 144, 165, 180, 186, 192, 194, 196, 199, 200, 200, 200, 200, 200, 201, 202, 203, 203, 203, 203, 203, 203, 203]
[1, 1, 3, 14, 49, 94, 133, 152, 171, 180, 186, 188, 191, 191, 194, 195, 197, 198, 199, 199, 200, 201, 201, 201, 201, 201]
[1, 4, 14, 38, 86, 144, 171, 178, 185, 189, 195, 196, 199, 200, 201, 201, 203, 204, 204, 204, 204, 204, 204, 204, 204, 204]
[1, 1, 2, 4, 7, 23, 65, 107, 143, 161, 171, 179, 184, 189, 191, 191, 191, 194, 196, 196, 196, 196, 197, 199, 200, 200]
[1, 7, 23, 67, 130, 161, 176, 182, 191, 195, 196, 200, 200, 201, 202, 203, 203, 203, 204, 205, 205, 206, 206, 206, 206, 206]
[1, 1, 1, 1, 1, 1, 1, 1, 1, 1, 1, 1, 1, 1, 1, 1, 1, 1, 1, 1, 1, 1, 1, 1, 1, 1]
