[1, 1, 1, 1, 1, 1, 1, 1, 1, 1, 1, 1, 1, 1, 1, 1, 1, 1, 1, 1, 1, 1, 1, 1, 1, 1]
[1, 10, 29, 100, 159, 188, 197, 203, 207, 211, 212, 213, 213, 213, 214, 214, 214, 214, 216, 216, 216, 216, 216, 216, 216, 216]
[1, 6, 28, 73, 117, 152, 168, 171, 173, 178, 182, 189, 190, 192, 193, 195, 195, 197, 197, 198, 198, 198, 198, 199, 200, 201]
[1, 4, 16, 89, 135, 162, 175, 180, 189, 191, 194, 196, 198, 200, 201, 203, 203, 203, 204, 205, 205, 205, 205, 205, 205, 205]
[1, 9, 22, 52, 108, 154, 175, 182, 187, 189, 193, 195, 196, 197, 197, 199, 200, 202, 202, 202, 202, 203, 203, 203, 203, 204]
[1, 32, 70, 128, 167, 179, 190, 195, 200, 201, 203, 207, 207, 207, 208, 209, 210, 210, 210, 210, 210, 210, 210, 210, 211, 211]
[1, 11, 24, 45, 95, 141, 162, 175, 184, 187, 189, 195, 197, 198, 199, 199, 199, 199, 199, 199, 199, 200, 201, 201, 201, 201]
[1, 31, 76, 126, 151, 168, 181, 183, 186, 187, 189, 192, 193, 196, 198, 199, 199, 200, 200, 200, 200, 200, 200, 200, 200, 200]
[1, 7, 46, 115, 164, 187, 199, 212, 217, 222, 222, 224, 228, 229, 230, 230, 230, 230, 230, 230, 231, 231, 232, 232, 232, 232]
[1, 37, 97, 159, 182, 193, 201, 202, 207, 209, 211, 214, 214, 214, 214, 214, 214, 214, 214, 215, 215, 215, 215, 215, 215, 215]
[1, 4, 12, 44, 111, 153, 175, 180, 187, 190, 191, 195, 195, 196, 196, 196, 200, 200, 200, 200, 200, 200, 200, 201, 201, 202]
[1, 30, 87, 141, 164, 183, 192, 201, 202, 205, 206, 207, 209, 211, 213, 213, 214, 214, 214, 214, 214, 214, 214, 214, 214, 215]
[1, 5, 13, 42, 91, 148, 176, 182, 190, 192, 199, 199, 200, 201, 203, 204, 204, 208, 210, 210, 210, 210, 210, 210, 210, 210]
[1, 4, 11, 54, 117, 146, 164, 174, 181, 185, 188, 188, 191, 192, 194, 195, 195, 197, 197, 197, 197, 197, 197, 197, 199, 199]
[1, 28, 53, 113, 155, 173, 184, 189, 195, 199, 202, 205, 208, 208, 208, 209, 210, 210, 210, 210, 210, 210, 210, 211, 212, 212]
[1, 34, 85, 158, 192, 203, 211, 216, 218, 220, 220, 220, 220, 220, 220, 220, 220, 221, 222, 222, 223, 223, 223, 223, 223, 223]
[1, 3, 4, 11, 50, 115, 153, 176, 186, 191, 193, 196, 200, 201, 202, 204, 205, 207, 207, 207, 208, 208, 208, 208, 208, 209]
[1, 8, 17, 44, 101, 151, 172, 182, 189, 192, 197, 199, 201, 201, 201, 202, 202, 203, 203, 203, 203, 203, 203, 204, 204, 204]
[1, 5, 7, 8, 16, 59, 110, 145, 167, 181, 186, 187, 191, 194, 194, 194, 195, 195, 196, 196, 196, 196, 198, 198, 199, 199]
[1, 4, 7, 31, 111, 157, 173, 180, 189, 196, 199, 202, 202, 204, 206, 206, 207, 207, 207, 207, 208, 208, 208, 208, 208, 208]
[1, 38, 85, 144, 170, 179, 190, 197, 199, 201, 203, 203, 206, 206, 206, 206, 206, 207, 209, 209, 210, 211, 211, 211, 211, 211]
[1, 6, 44, 124, 167, 181, 190, 195, 201, 205, 206, 208, 209, 209, 210, 210, 210, 210, 211, 211, 211, 211, 212, 212, 212, 212]
[1, 14, 29, 72, 133, 159, 172, 186, 194, 194, 197, 198, 199, 200, 201, 202, 202, 202, 202, 203, 205, 205, 206, 207, 207, 207]
[1, 7, 17, 52, 115, 153, 175, 179, 184, 189, 190, 192, 194, 195, 196, 197, 197, 198, 198, 199, 200, 200, 200, 200, 200, 200]
[1, 41, 87, 142, 165, 179, 185, 190, 194, 198, 200, 200, 203, 203, 207, 210, 210, 212, 212, 212, 212, 212, 212, 213, 213, 213]
