[1, 5, 14, 53, 134, 210, 242, 265, 280, 286, 291, 296, 297, 300, 303, 309, 310, 312, 313, 316, 317, 317, 318, 318, 320, 320]
[1, 1, 1, 1, 1, 1, 1, 1, 1, 1, 1, 1, 1, 1, 1, 1, 1, 1, 1, 1, 1, 1, 1, 1, 1, 1]
[1, 4, 24, 85, 178, 230, 252, 276, 289, 299, 304, 308, 308, 314, 316, 318, 319, 320, 320, 321, 321, 321, 321, 321, 322, 323]
[1, 4, 4, 4, 5, 7, 9, 20, 53, 137, 196, 231, 259, 274, 281, 286, 292, 295, 298, 300, 303, 308, 309, 312, 312, 313]
[1, 3, 18, 72, 165, 220, 246, 258, 271, 280, 286, 290, 300, 303, 307, 309, 312, 314, 319, 319, 320, 322, 324, 324, 324, 326]
[1, 1, 1, 1, 1, 1, 1, 1, 1, 1, 1, 1, 1, 1, 1, 1, 1, 1, 1, 1, 1, 1, 1, 1, 1, 1]
[1, 14, 59, 143, 209, 255, 278, 288, 294, 298, 302, 307, 309, 311, 313, 314, 315, 316, 316, 317, 318, 319, 319, 319, 319, 319]
[1, 2, 3, 3, 4, 8, 21, 36, 70, 156, 229, 257, 280, 289, 298, 302, 306, 311, 312, 315, 318, 319, 319, 320, 320, 320]
[1, 12, 42, 138, 209, 253, 274, 285, 295, 303, 305, 309, 315, 318, 320, 322, 322, 325, 326, 327, 327, 328, 329, 329, 329, 329]
[1, 14, 57, 154, 217, 248, 271, 277, 290, 295, 298, 302, 304, 307, 309, 310, 311, 311, 311, 311, 312, 313, 313, 313, 313, 315]
[1, 4, 10, 41, 129, 213, 255, 273, 285, 295, 304, 310, 313, 317, 322, 323, 324, 325, 325, 325, 325, 326, 326, 326, 328, 328]
[1, 2, 7, 33, 117, 192, 233, 257, 273, 283, 288, 294, 296, 299, 302, 307, 309, 310, 310, 311, 312, 312, 312, 312, 314, 314]
[1, 1, 1, 1, 1, 1, 1, 1, 1, 1, 1, 1, 1, 1, 1, 1, 1, 1, 1, 1, 1, 1, 1, 1, 1, 1]
[1, 10, 34, 106, 181, 232, 257, 275, 282, 288, 291, 298, 302, 303, 304, 306, 306, 307, 309, 310, 310, 312, 312, 312, 312, 314]
[1, 5, 14, 73, 168, 215, 257, 278, 289, 299, 304, 309, 312, 314, 314, 315, 316, 317, 319, 319, 320, 321, 321, 321, 321, 323]
[1, 4, 10, 46, 142, 221, 255, 278, 289, 296, 300, 304, 307, 308, 309, 310, 312, 313, 316, 318, 318, 318, 318, 319, 320, 321]
[1, 11, 35, 107, 194, 243, 269, 285, 295, 299, 304, 307, 308, 312, 313, 314, 317, 317, 318, 320, 320, 321, 321, 322, 322, 322]
[1, 1, 1, 1, 1, 1, 1, 1, 1, 1, 1, 1, 1, 1, 1, 1, 1, 1, 1, 1, 1, 1, 1, 1, 1, 1]
[1, 1, 1, 1, 1, 1, 1, 1, 1, 1, 1, 1, 1, 1, 1, 1, 1, 1, 1, 1, 1, 1, 1, 1, 1, 1]
[1, 6, 9, 44, 120, 195, 240, 266, 276, 284, 287, 294, 298, 303, 306, 307, 307, 309, 311, 314, 314, 315, 316, 316, 317, 317]
[1, 8, 23, 86, 177, 232, 260, 282, 299, 304, 312, 314, 320, 324, 326, 328, 329, 329, 329, 330, 330, 330, 330, 331, 331, 331]
[1, 1, 1, 1, 1, 1, 1, 1, 1, 1, 1, 1, 1, 1, 1, 1, 1, 1, 1, 1, 1, 1, 1, 1, 1, 1]
[1, 7, 25, 101, 185, 235, 264, 282, 290, 294, 307, 308, 310, 314, 316, 317, 319, 320, 321, 321, 321, 322, 323, 323, 324, 324]
[1, 1, 1, 1, 1, 1, 1, 1, 1, 1, 1, 1, 1, 1, 1, 1, 1, 1, 1, 1, 1, 1, 1, 1, 1, 1]
[1, 6, 23, 86, 180, 237, 261, 274, 284, 292, 298, 303, 307, 307, 312, 312, 315, 317, 319, 320, 321, 322, 322, 322, 322, 323]
