[1, 13, 63, 227, 524, 788, 927, 989, 1028, 1070, 1101, 1119, 1141, 1147, 1163, 1173, 1183, 1192, 1196, 1205, 1210, 1213, 1217, 1220, 1222, 1223]
[1, 1, 1, 1, 1, 2, 7, 50, 210, 510, 759, 880, 960, 1019, 1051, 1080, 1109, 1123, 1137, 1155, 1168, 1172, 1179, 1185, 1190, 1193]
[1, 2, 4, 13, 125, 457, 737, 895, 983, 1032, 1071, 1098, 1116, 1140, 1151, 1161, 1170, 1178, 1184, 1189, 1197, 1200, 1201, 1203, 1206, 1208]
[1, 8, 28, 131, 426, 693, 862, 958, 1011, 1052, 1089, 1120, 1140, 1152, 1162, 1167, 1175, 1181, 1189, 1190, 1191, 1194, 1197, 1199, 1200, 1202]
[1, 4, 22, 89, 294, 603, 839, 958, 1029, 1087, 1125, 1142, 1160, 1169, 1182, 1189, 1193, 1195, 1201, 1206, 1209, 1212, 1212, 1215, 1216, 1217]
[1, 1, 1, 1, 1, 1, 1, 1, 1, 1, 1, 1, 1, 1, 1, 1, 1, 1, 1, 1, 1, 1, 1, 1, 1, 1]
[1, 17, 86, 308, 652, 828, 936, 1008, 1054, 1097, 1121, 1141, 1158, 1167, 1180, 1192, 1197, 1202, 1204, 1207, 1211, 1216, 1219, 1222, 1226, 1228]
[1, 2, 3, 13, 51, 233, 564, 776, 898, 958, 1006, 1040, 1062, 1089, 1103, 1117, 1134, 1142, 1147, 1153, 1158, 1165, 1171, 1176, 1182, 1183]
[1, 4, 10, 37, 167, 475, 765, 925, 992, 1060, 1103, 1142, 1164, 1182, 1196, 1206, 1215, 1221, 1227, 1229, 1232, 1234, 1236, 1238, 1239, 1240]
[1, 2, 4, 10, 41, 183, 507, 793, 940, 1022, 1070, 1104, 1138, 1160, 1165, 1178, 1189, 1197, 1201, 1205, 1213, 1219, 1219, 1221, 1225, 1226]
[1, 1, 1, 1, 1, 1, 1, 1, 1, 1, 1, 1, 1, 1, 1, 1, 1, 2, 12, 40, 170, 399, 691, 871, 953, 1021]
[1, 3, 14, 61, 248, 614, 835, 948, 1030, 1070, 1105, 1140, 1159, 1175, 1184, 1191, 1201, 1211, 1218, 1223, 1230, 1234, 1234, 1237, 1240, 1241]
[1, 20, 103, 355, 680, 884, 972, 1033, 1071, 1105, 1136, 1154, 1167, 1177, 1189, 1196, 1201, 1205, 1208, 1212, 1216, 1218, 1221, 1223, 1223, 1226]
[1, 10, 38, 193, 509, 766, 917, 1001, 1048, 1093, 1119, 1134, 1154, 1170, 1185, 1197, 1207, 1217, 1219, 1223, 1230, 1234, 1236, 1239, 1240, 1242]
[1, 2, 13, 63, 217, 542, 759, 873, 947, 999, 1029, 1067, 1084, 1096, 1103, 1118, 1133, 1142, 1150, 1151, 1157, 1161, 1164, 1167, 1168, 1170]
[1, 4, 29, 106, 341, 672, 864, 949, 1018, 1077, 1110, 1129, 1151, 1161, 1173, 1187, 1192, 1200, 1207, 1212, 1214, 1216, 1217, 1220, 1220, 1222]
[1, 6, 9, 50, 258, 603, 801, 922, 992, 1042, 1079, 1110, 1126, 1144, 1159, 1179, 1190, 1201, 1206, 1212, 1215, 1219, 1222, 1226, 1227, 1230]
[1, 2, 2, 2, 2, 2, 2, 2, 2, 2, 2, 2, 2, 2, 2, 2, 2, 2, 2, 2, 2, 2, 2, 2, 2, 2]
[1, 2, 2, 2, 2, 2, 2, 2, 2, 2, 2, 2, 2, 2, 2, 2, 3, 14, 72, 268, 538, 779, 898, 961, 1018, 1055]
[1, 1, 1, 2, 2, 2, 2, 2, 2, 2, 2, 2, 2, 2, 2, 2, 2, 2, 2, 2, 2, 2, 2, 2, 2, 2]
[1, 1, 1, 1, 1, 1, 1, 1, 1, 1, 1, 1, 1, 1, 1, 1, 1, 1, 1, 1, 1, 1, 1, 1, 1, 1]
[1, 4, 11, 36, 195, 511, 735, 883, 962, 1023, 1059, 1090, 1105, 1120, 1131, 1142, 1154, 1163, 1165, 1170, 1179, 1184, 1185, 1191, 1191, 1193]
[1, 25, 140, 466, 787, 925, 1022, 1081, 1123, 1150, 1185, 1199, 1213, 1221, 1231, 1239, 1247, 1250, 1254, 1261, 1262, 1263, 1264, 1265, 1266, 1266]
[1, 1, 1, 1, 1, 1, 1, 1, 1, 1, 1, 1, 1, 1, 1, 1, 1, 1, 1, 1, 1, 1, 1, 1, 1, 1]
[1, 1, 1, 1, 2, 4, 8, 30, 89, 281, 601, 818, 946, 1010, 1053, 1083, 1113, 1138, 1151, 1161, 1168, 1173, 1182, 1188, 1195, 1200]
