[1, 1, 1, 1, 1, 1, 1, 1, 1, 1, 1, 1, 1, 1, 1, 1, 1, 1, 1, 1, 1, 1, 1, 1, 1, 1]
[1, 3, 10, 51, 208, 429, 566, 641, 670, 693, 710, 723, 740, 749, 759, 763, 771, 773, 775, 779, 782, 783, 787, 789, 792, 794]
[1, 6, 34, 135, 331, 510, 595, 649, 684, 702, 709, 717, 726, 732, 736, 742, 745, 751, 756, 761, 765, 766, 769, 773, 776, 780]
[1, 3, 4, 11, 54, 213, 451, 573, 644, 693, 725, 746, 761, 774, 786, 792, 797, 802, 807, 808, 809, 810, 812, 814, 815, 816]
[1, 1, 1, 1, 1, 1, 1, 1, 1, 1, 1, 1, 1, 1, 1, 1, 1, 1, 1, 1, 1, 1, 1, 1, 1, 1]
[1, 23, 94, 308, 496, 590, 649, 688, 716, 727, 746, 754, 766, 770, 780, 787, 788, 790, 793, 797, 801, 802, 803, 804, 805, 806]
[1, 1, 1, 1, 1, 1, 1, 1, 1, 1, 1, 1, 1, 1, 1, 1, 1, 1, 1, 1, 1, 1, 1, 1, 1, 1]
[1, 2, 4, 8, 20, 44, 124, 352, 543, 624, 673, 704, 726, 742, 757, 761, 768, 772, 774, 777, 783, 786, 790, 794, 796, 797]
[1, 9, 54, 229, 453, 570, 627, 670, 695, 711, 725, 734, 742, 752, 761, 765, 772, 775, 779, 780, 782, 784, 784, 785, 786, 786]
[1, 5, 10, 32, 153, 377, 531, 621, 675, 717, 739, 753, 765, 772, 781, 786, 793, 796, 802, 806, 810, 812, 812, 813, 815, 816]
[1, 21, 111, 306, 493, 596, 646, 683, 705, 717, 734, 747, 752, 757, 762, 766, 768, 773, 778, 782, 783, 787, 787, 787, 787, 789]
[1, 27, 64, 240, 445, 578, 650, 680, 714, 734, 745, 762, 767, 770, 772, 774, 776, 782, 786, 791, 794, 798, 799, 800, 800, 801]
[1, 1, 1, 1, 1, 1, 1, 1, 1, 1, 1, 1, 1, 1, 1, 1, 1, 1, 1, 1, 1, 1, 1, 1, 1, 1]
[1, 14, 58, 178, 373, 527, 609, 663, 696, 713, 728, 737, 741, 747, 753, 758, 764, 766, 769, 772, 777, 778, 783, 784, 788, 789]
[1, 1, 1, 1, 1, 1, 1, 1, 1, 1, 1, 1, 1, 1, 1, 1, 1, 1, 1, 1, 1, 1, 1, 1, 1, 1]
[1, 19, 95, 289, 476, 613, 664, 696, 724, 741, 750, 757, 763, 776, 781, 788, 794, 797, 798, 802, 806, 807, 808, 810, 812, 812]
[1, 12, 33, 175, 422, 554, 613, 663, 693, 729, 745, 755, 771, 775, 784, 791, 793, 797, 799, 802, 804, 808, 810, 811, 812, 813]
[1, 3, 5, 5, 5, 6, 10, 86, 193, 443, 600, 673, 710, 736, 752, 765, 780, 788, 794, 800, 802, 805, 809, 810, 814, 815]
[1, 11, 30, 126, 359, 544, 628, 673, 697, 715, 735, 742, 755, 761, 768, 780, 785, 793, 797, 798, 804, 806, 806, 807, 807, 807]
[1, 4, 26, 81, 237, 442, 566, 624, 661, 688, 710, 726, 739, 751, 756, 761, 769, 774, 778, 784, 784, 784, 788, 789, 790, 794]
[1, 2, 23, 175, 414, 587, 663, 703, 726, 743, 756, 772, 786, 794, 797, 798, 807, 810, 819, 823, 825, 830, 830, 830, 832, 834]
[1, 1, 1, 1, 1, 1, 1, 1, 1, 1, 1, 1, 1, 1, 1, 1, 1, 1, 1, 1, 1, 1, 1, 1, 1, 1]
[1, 1, 1, 1, 1, 1, 1, 1, 1, 1, 1, 1, 1, 1, 1, 1, 1, 1, 1, 1, 1, 1, 1, 1, 1, 1]
[1, 11, 65, 247, 449, 565, 629, 681, 706, 721, 741, 758, 761, 768, 770, 773, 778, 781, 784, 790, 791, 793, 794, 796, 797, 800]
[1, 15, 59, 175, 409, 545, 619, 668, 697, 714, 724, 736, 745, 749, 755, 759, 763, 765, 766, 769, 772, 772, 773, 776, 776, 776]
