[1, 9, 19, 36, 51, 64, 76, 87, 96, 100, 106, 108, 113, 116, 120, 121, 121, 122, 122, 123, 123, 124, 124, 124, 124, 124]
[1, 28, 41, 62, 89, 100, 109, 115, 116, 118, 120, 124, 125, 126, 129, 130, 132, 132, 133, 135, 135, 135, 135, 135, 135, 135]
[1, 11, 23, 45, 64, 81, 97, 103, 109, 112, 117, 117, 119, 119, 122, 123, 123, 125, 128, 129, 129, 130, 130, 130, 130, 130]
[1, 15, 17, 22, 36, 61, 81, 89, 100, 116, 120, 122, 123, 125, 125, 126, 126, 126, 127, 128, 128, 128, 128, 128, 129, 130]
[1, 25, 44, 70, 86, 103, 113, 114, 119, 120, 121, 126, 127, 128, 128, 130, 130, 130, 130, 130, 132, 132, 132, 132, 133, 133]
[1, 17, 25, 39, 71, 91, 95, 99, 102, 103, 109, 113, 114, 119, 121, 123, 125, 125, 125, 127, 127, 127, 127, 128, 129, 129]
[1, 6, 9, 16, 41, 71, 85, 95, 102, 106, 111, 113, 116, 116, 117, 118, 121, 123, 124, 125, 127, 128, 128, 128, 128, 128]
[1, 4, 11, 26, 47, 61, 72, 83, 88, 93, 100, 103, 103, 105, 106, 106, 107, 107, 108, 108, 110, 110, 111, 111, 112, 112]
[1, 10, 22, 43, 56, 70, 79, 91, 97, 104, 105, 109, 113, 117, 119, 120, 122, 122, 122, 122, 122, 122, 122, 122, 122, 124]
[1, 5, 6, 15, 36, 64, 75, 89, 92, 99, 104, 111, 112, 113, 116, 118, 118, 118, 118, 118, 120, 121, 121, 121, 122, 122]
[1, 13, 33, 54, 66, 75, 89, 99, 106, 115, 116, 118, 118, 119, 122, 122, 122, 122, 123, 124, 124, 124, 124, 124, 125, 125]
[1, 18, 24, 37, 64, 87, 100, 108, 111, 117, 123, 125, 125, 129, 130, 130, 131, 132, 132, 133, 133, 133, 133, 133, 133, 134]
[1, 9, 13, 37, 71, 89, 97, 106, 109, 111, 114, 117, 119, 120, 121, 121, 121, 121, 121, 123, 123, 123, 123, 123, 124, 125]
[1, 6, 21, 49, 66, 82, 90, 100, 104, 108, 111, 117, 118, 120, 121, 122, 122, 123, 123, 126, 126, 128, 128, 128, 128, 128]
[1, 1, 1, 1, 1, 1, 1, 1, 1, 1, 1, 1, 1, 1, 1, 1, 1, 1, 1, 1, 1, 1, 1, 1, 1, 1]
[1, 2, 2, 2, 2, 2, 2, 2, 2, 2, 2, 2, 2, 2, 2, 2, 2, 2, 2, 2, 3, 3, 4, 8, 19, 40]
[1, 4, 5, 5, 9, 16, 38, 55, 64, 76, 87, 97, 103, 113, 114, 115, 115, 117, 119, 121, 123, 124, 126, 126, 128, 129]
[1, 1, 1, 1, 1, 1, 1, 1, 1, 1, 1, 1, 1, 1, 1, 1, 1, 1, 1, 1, 1, 1, 1, 1, 1, 1]
[1, 4, 7, 13, 25, 49, 69, 79, 92, 97, 98, 102, 102, 103, 107, 109, 111, 111, 112, 112, 112, 113, 115, 115, 115, 115]
[1, 15, 48, 71, 94, 102, 108, 113, 120, 123, 124, 127, 130, 132, 132, 134, 135, 135, 137, 138, 138, 138, 138, 139, 139, 139]
[1, 2, 5, 9, 13, 25, 46, 61, 80, 91, 93, 103, 106, 107, 111, 114, 115, 116, 117, 118, 118, 118, 120, 122, 122, 122]
[1, 6, 7, 10, 16, 31, 55, 76, 90, 99, 106, 109, 110, 113, 114, 114, 117, 118, 119, 120, 122, 122, 124, 125, 126, 126]
[1, 3, 6, 16, 34, 54, 65, 81, 89, 93, 99, 107, 110, 115, 117, 118, 118, 118, 119, 119, 120, 120, 120, 120, 120, 122]
[1, 3, 8, 18, 33, 47, 57, 67, 75, 85, 89, 94, 98, 99, 102, 103, 105, 108, 112, 113, 115, 115, 115, 115, 117, 117]
[1, 10, 23, 41, 63, 84, 96, 105, 108, 111, 114, 118, 118, 120, 122, 122, 125, 125, 127, 127, 127, 127, 127, 127, 127, 128]
