[1, 6, 20, 61, 100, 130, 151, 160, 169, 178, 181, 189, 195, 198, 200, 201, 202, 202, 204, 205, 205, 206, 206, 206, 206, 206]
[1, 1, 1, 1, 1, 1, 1, 1, 1, 1, 1, 1, 1, 1, 1, 1, 1, 1, 1, 1, 1, 1, 1, 1, 1, 1]
[1, 1, 1, 1, 1, 1, 1, 1, 1, 1, 1, 1, 1, 1, 1, 1, 1, 1, 1, 1, 1, 1, 1, 1, 1, 1]
[1, 8, 28, 81, 125, 153, 172, 186, 191, 194, 200, 204, 206, 210, 212, 212, 212, 212, 214, 216, 216, 216, 216, 217, 217, 218]
[1, 3, 3, 3, 4, 6, 10, 20, 48, 103, 141, 168, 178, 190, 194, 197, 199, 201, 203, 203, 205, 205, 205, 205, 208, 208]
[1, 1, 1, 1, 1, 1, 1, 1, 1, 1, 1, 1, 1, 1, 1, 1, 1, 1, 1, 1, 1, 1, 1, 1, 1, 1]
[1, 1, 1, 1, 1, 1, 1, 1, 1, 1, 1, 1, 1, 1, 1, 1, 1, 1, 1, 1, 1, 1, 1, 1, 1, 1]
[1, 2, 4, 12, 38, 100, 146, 168, 174, 185, 193, 197, 199, 199, 201, 203, 203, 204, 204, 205, 205, 206, 207, 207, 209, 212]
[1, 8, 38, 91, 128, 153, 169, 179, 186, 187, 195, 197, 201, 201, 201, 204, 204, 206, 207, 207, 208, 209, 210, 211, 211, 211]
[1, 7, 28, 68, 113, 147, 165, 175, 183, 189, 193, 196, 199, 202, 202, 204, 205, 205, 205, 206, 206, 207, 207, 207, 207, 207]
[1, 2, 3, 9, 42, 96, 143, 166, 179, 183, 190, 196, 197, 198, 200, 201, 202, 203, 204, 204, 205, 206, 206, 207, 210, 210]
[1, 12, 45, 96, 145, 170, 180, 192, 197, 201, 204, 206, 207, 210, 211, 212, 213, 213, 213, 213, 213, 213, 213, 214, 214, 214]
[1, 5, 24, 73, 124, 153, 169, 179, 186, 194, 196, 198, 200, 202, 205, 206, 207, 208, 210, 210, 210, 211, 212, 213, 213, 213]
[1, 1, 1, 1, 1, 1, 1, 1, 1, 1, 1, 1, 1, 1, 1, 1, 1, 1, 1, 1, 1, 1, 1, 1, 1, 1]
[1, 2, 5, 8, 13, 28, 76, 142, 171, 182, 190, 195, 198, 202, 203, 205, 207, 210, 214, 214, 215, 215, 215, 215, 217, 217]
[1, 8, 18, 47, 95, 136, 164, 177, 183, 188, 191, 193, 196, 201, 201, 201, 201, 203, 203, 203, 204, 204, 204, 204, 204, 204]
[1, 9, 17, 48, 94, 140, 158, 172, 177, 186, 193, 196, 199, 200, 203, 205, 206, 207, 208, 208, 209, 210, 212, 212, 213, 213]
[1, 8, 20, 52, 107, 142, 167, 181, 186, 190, 194, 195, 197, 197, 200, 200, 202, 202, 202, 202, 204, 204, 204, 204, 204, 204]
[1, 7, 41, 94, 142, 167, 179, 200, 206, 210, 223, 231, 232, 233, 235, 236, 236, 236, 236, 236, 236, 238, 240, 240, 240, 241]
[1, 5, 9, 13, 25, 57, 110, 155, 175, 188, 202, 206, 209, 211, 213, 213, 215, 215, 215, 215, 215, 217, 217, 217, 218, 219]
[1, 6, 8, 17, 46, 99, 132, 161, 174, 184, 191, 195, 199, 202, 203, 205, 205, 205, 207, 207, 207, 208, 208, 208, 208, 208]
[1, 1, 1, 1, 1, 1, 1, 1, 1, 1, 1, 1, 1, 1, 1, 1, 1, 1, 1, 1, 1, 1, 1, 1, 1, 1]
[1, 2, 2, 3, 15, 48, 104, 141, 175, 187, 200, 204, 206, 218, 220, 222, 223, 223, 223, 224, 224, 225, 225, 226, 226, 226]
[1, 7, 13, 36, 86, 143, 158, 175, 184, 191, 196, 199, 204, 206, 206, 207, 208, 208, 209, 210, 210, 211, 212, 213, 213, 213]
[1, 10, 41, 98, 139, 159, 173, 180, 185, 191, 195, 198, 202, 203, 205, 206, 207, 207, 208, 209, 209, 211, 212, 212, 213, 213]
