[1, 4, 11, 38, 78, 112, 121, 126, 135, 141, 144, 146, 147, 150, 150, 150, 151, 152, 153, 153, 154, 154, 154, 154, 155, 155]
[1, 16, 51, 96, 111, 117, 123, 127, 127, 128, 128, 129, 132, 134, 134, 134, 134, 134, 134, 134, 134, 134, 134, 134, 135, 135]
[1, 21, 48, 89, 112, 119, 122, 131, 133, 137, 138, 139, 139, 139, 140, 140, 140, 141, 141, 142, 142, 142, 142, 142, 142, 142]
[1, 5, 30, 71, 102, 120, 125, 129, 131, 133, 135, 136, 137, 138, 140, 140, 140, 140, 140, 140, 141, 141, 142, 142, 142, 142]
[1, 19, 58, 94, 114, 120, 127, 128, 131, 133, 134, 136, 138, 138, 138, 138, 139, 139, 139, 139, 139, 139, 139, 139, 139, 139]
[1, 5, 14, 38, 87, 113, 125, 128, 129, 131, 132, 133, 135, 136, 136, 136, 136, 136, 136, 136, 136, 137, 137, 137, 137, 137]
[1, 17, 45, 83, 121, 131, 140, 141, 141, 142, 143, 144, 144, 144, 145, 146, 148, 149, 150, 150, 150, 150, 150, 150, 150, 150]
[1, 1, 2, 4, 7, 26, 83, 114, 125, 137, 140, 141, 141, 143, 143, 145, 145, 146, 146, 146, 147, 147, 147, 147, 147, 147]
[1, 1, 1, 4, 10, 32, 67, 104, 116, 119, 124, 125, 127, 127, 130, 130, 130, 130, 131, 131, 133, 133, 133, 133, 133, 133]
[1, 16, 60, 98, 117, 124, 128, 132, 134, 134, 136, 139, 140, 141, 141, 142, 143, 143, 144, 145, 146, 146, 147, 147, 147, 147]
[1, 16, 26, 60, 107, 117, 119, 121, 124, 126, 129, 130, 130, 130, 130, 132, 134, 134, 135, 135, 135, 136, 136, 136, 136, 136]
[1, 3, 10, 31, 73, 105, 120, 128, 132, 136, 139, 143, 143, 143, 145, 146, 147, 147, 148, 149, 149, 149, 149, 149, 149, 149]
[1, 1, 1, 1, 1, 1, 1, 1, 1, 1, 1, 1, 1, 1, 1, 1, 1, 1, 1, 1, 1, 1, 1, 1, 1, 1]
[1, 2, 2, 2, 2, 2, 3, 4, 8, 18, 51, 84, 105, 111, 113, 115, 119, 121, 122, 127, 129, 130, 130, 132, 132, 134]
[1, 7, 11, 29, 66, 97, 113, 119, 123, 126, 128, 129, 130, 131, 132, 132, 132, 132, 133, 134, 134, 134, 134, 134, 134, 134]
[1, 4, 10, 28, 69, 102, 114, 121, 126, 128, 132, 133, 135, 135, 136, 137, 137, 138, 139, 139, 139, 139, 139, 139, 139, 139]
[1, 16, 43, 91, 106, 120, 125, 129, 131, 132, 134, 134, 135, 135, 135, 136, 136, 136, 136, 137, 137, 137, 137, 137, 137, 137]
[1, 2, 17, 44, 94, 115, 126, 132, 137, 142, 144, 144, 145, 147, 149, 149, 150, 151, 152, 153, 153, 153, 153, 153, 153, 153]
[1, 2, 5, 16, 42, 88, 110, 118, 123, 124, 125, 126, 126, 128, 129, 131, 131, 133, 133, 133, 133, 133, 133, 133, 133, 133]
[1, 12, 27, 70, 101, 113, 128, 136, 141, 144, 145, 147, 147, 148, 148, 148, 148, 148, 148, 148, 148, 148, 148, 148, 149, 149]
[1, 13, 33, 79, 100, 117, 125, 129, 132, 133, 134, 135, 136, 136, 137, 137, 139, 139, 139, 140, 140, 140, 140, 141, 141, 141]
[1, 6, 12, 40, 80, 104, 116, 118, 123, 127, 128, 128, 128, 131, 132, 132, 132, 132, 132, 132, 132, 132, 132, 132, 132, 132]
[1, 2, 3, 4, 6, 18, 52, 96, 112, 120, 124, 126, 131, 132, 132, 134, 135, 135, 137, 137, 137, 137, 137, 137, 137, 137]
[1, 10, 24, 61, 97, 110, 122, 123, 126, 128, 129, 132, 133, 134, 135, 135, 135, 135, 135, 135, 135, 135, 135, 135, 136, 137]
[1, 2, 5, 16, 51, 88, 107, 122, 127, 130, 132, 139, 142, 143, 143, 145, 145, 146, 147, 148, 148, 148, 148, 148, 149, 149]
