[1, 1, 1, 1, 1, 1, 1, 1, 1, 1, 1, 1, 1, 1, 1, 1, 1, 1, 1, 1, 1, 1, 1, 1, 1, 1]
[1, 2, 3, 6, 16, 51, 97, 143, 174, 198, 210, 217, 221, 224, 229, 231, 234, 236, 237, 238, 239, 240, 240, 240, 241, 241]
[1, 3, 6, 21, 64, 105, 132, 149, 161, 174, 181, 190, 194, 196, 201, 204, 206, 208, 212, 214, 217, 218, 218, 218, 220, 221]
[1, 1, 1, 1, 1, 1, 1, 1, 1, 1, 1, 1, 1, 1, 1, 1, 1, 1, 1, 1, 1, 1, 1, 1, 1, 1]
[1, 9, 32, 89, 130, 159, 172, 178, 192, 198, 202, 209, 210, 213, 215, 216, 218, 218, 218, 218, 218, 220, 222, 223, 223, 225]
[1, 2, 3, 7, 14, 34, 94, 133, 157, 173, 183, 189, 196, 203, 210, 212, 214, 217, 218, 219, 219, 220, 220, 220, 220, 223]
[1, 1, 1, 1, 1, 1, 1, 1, 1, 1, 1, 1, 1, 1, 1, 1, 1, 1, 1, 1, 1, 1, 1, 1, 1, 1]
[1, 10, 29, 74, 119, 150, 169, 191, 198, 201, 206, 209, 212, 215, 215, 216, 216, 216, 216, 217, 217, 218, 218, 218, 218, 219]
[1, 1, 1, 1, 1, 1, 1, 1, 1, 1, 1, 1, 1, 1, 1, 1, 1, 1, 1, 1, 1, 1, 1, 1, 1, 1]
[1, 7, 23, 57, 104, 134, 156, 169, 182, 187, 196, 200, 205, 208, 208, 209, 210, 211, 214, 215, 216, 216, 216, 217, 217, 217]
[1, 8, 12, 27, 73, 125, 153, 171, 181, 191, 198, 202, 204, 206, 210, 213, 214, 216, 218, 218, 219, 219, 219, 220, 221, 221]
[1, 1, 1, 1, 1, 1, 1, 1, 1, 1, 1, 1, 1, 1, 1, 1, 1, 1, 1, 1, 1, 1, 1, 1, 1, 1]
[1, 12, 46, 105, 146, 171, 185, 197, 205, 211, 215, 216, 217, 217, 218, 221, 224, 224, 225, 225, 225, 226, 226, 227, 227, 227]
[1, 1, 1, 1, 1, 1, 1, 1, 1, 1, 1, 1, 1, 1, 1, 1, 1, 1, 1, 1, 1, 1, 1, 1, 1, 1]
[1, 1, 1, 1, 1, 1, 1, 1, 1, 1, 1, 1, 1, 1, 1, 1, 1, 1, 1, 1, 1, 1, 1, 1, 1, 1]
[1, 4, 7, 26, 69, 117, 145, 160, 171, 177, 192, 201, 204, 206, 207, 208, 208, 208, 209, 209, 211, 211, 211, 211, 211, 213]
[1, 11, 37, 93, 134, 162, 175, 188, 194, 199, 203, 206, 211, 213, 214, 214, 217, 218, 219, 220, 221, 222, 222, 224, 226, 226]
[1, 1, 1, 1, 1, 1, 1, 1, 1, 1, 1, 1, 1, 1, 1, 1, 1, 1, 1, 1, 1, 1, 1, 1, 1, 1]
[1, 1, 1, 1, 1, 1, 1, 1, 1, 1, 1, 1, 1, 1, 1, 1, 1, 1, 1, 1, 1, 1, 1, 1, 1, 1]
[1, 1, 1, 1, 1, 1, 1, 1, 1, 1, 1, 1, 1, 1, 1, 1, 1, 1, 1, 1, 1, 1, 1, 1, 1, 1]
[1, 1, 1, 1, 1, 1, 1, 1, 1, 1, 1, 1, 1, 1, 1, 1, 1, 1, 1, 1, 1, 1, 1, 1, 1, 1]
[1, 1, 1, 1, 1, 1, 1, 1, 1, 1, 1, 1, 1, 1, 1, 1, 1, 1, 1, 1, 1, 1, 1, 1, 1, 1]
[1, 7, 25, 84, 137, 172, 200, 221, 235, 245, 251, 253, 254, 254, 255, 255, 256, 257, 258, 258, 259, 260, 261, 261, 261, 261]
[1, 1, 1, 1, 1, 1, 1, 1, 1, 1, 1, 1, 1, 1, 1, 1, 1, 1, 1, 1, 1, 1, 1, 1, 1, 1]
[1, 1, 1, 1, 1, 1, 1, 1, 1, 1, 1, 1, 1, 1, 1, 1, 1, 1, 1, 1, 1, 1, 1, 1, 1, 1]
