[1, 7, 22, 74, 132, 152, 163, 173, 179, 184, 186, 186, 186, 187, 190, 190, 191, 192, 194, 195, 195, 195, 196, 196, 196, 196]
[1, 10, 17, 48, 88, 138, 156, 174, 184, 186, 188, 188, 192, 193, 193, 193, 194, 195, 195, 196, 196, 196, 197, 197, 197, 197]
[1, 7, 24, 86, 137, 163, 170, 176, 181, 188, 189, 191, 193, 194, 195, 196, 197, 197, 197, 197, 197, 197, 197, 197, 197, 198]
[1, 3, 11, 38, 83, 124, 149, 173, 180, 187, 196, 197, 200, 201, 203, 204, 205, 206, 207, 208, 208, 209, 209, 210, 210, 210]
[1, 1, 1, 1, 1, 1, 1, 1, 1, 1, 1, 1, 1, 1, 1, 1, 1, 1, 1, 1, 1, 1, 1, 1, 1, 1]
[1, 4, 19, 75, 129, 152, 168, 174, 177, 181, 184, 185, 185, 186, 188, 189, 189, 189, 190, 190, 190, 191, 192, 193, 194, 194]
[1, 5, 18, 45, 114, 146, 158, 167, 178, 186, 193, 195, 196, 197, 198, 199, 202, 204, 207, 207, 207, 207, 207, 207, 207, 207]
[1, 1, 1, 1, 1, 1, 1, 1, 1, 1, 1, 1, 1, 1, 1, 1, 1, 1, 1, 1, 1, 1, 1, 1, 1, 1]
[1, 1, 1, 1, 1, 1, 1, 1, 1, 1, 1, 1, 1, 1, 1, 1, 1, 1, 1, 1, 1, 1, 1, 1, 1, 1]
[1, 9, 28, 86, 133, 157, 169, 177, 183, 191, 192, 195, 196, 196, 198, 200, 201, 201, 201, 201, 201, 202, 204, 204, 204, 204]
[1, 4, 7, 18, 69, 116, 153, 165, 170, 174, 176, 181, 182, 183, 183, 184, 185, 186, 187, 188, 188, 188, 188, 188, 188, 188]
[1, 8, 31, 94, 136, 164, 169, 176, 179, 184, 187, 190, 190, 192, 195, 195, 196, 196, 196, 196, 196, 196, 197, 197, 197, 197]
[1, 4, 12, 36, 94, 137, 157, 171, 178, 183, 187, 191, 193, 197, 199, 201, 203, 204, 204, 204, 204, 204, 204, 205, 205, 206]
[1, 9, 30, 92, 135, 160, 178, 185, 188, 192, 196, 197, 199, 199, 201, 202, 203, 203, 203, 203, 204, 204, 205, 205, 205, 206]
[1, 5, 5, 8, 18, 63, 100, 126, 145, 154, 162, 166, 170, 172, 175, 177, 178, 180, 182, 183, 186, 186, 188, 188, 188, 188]
[1, 6, 18, 56, 109, 139, 159, 169, 174, 178, 181, 183, 187, 187, 188, 190, 192, 192, 193, 194, 195, 195, 196, 196, 196, 196]
[1, 10, 35, 77, 123, 150, 162, 175, 178, 182, 187, 188, 189, 190, 190, 192, 192, 192, 194, 194, 195, 195, 195, 195, 195, 196]
[1, 2, 3, 9, 45, 104, 143, 162, 173, 176, 178, 182, 183, 184, 186, 187, 187, 187, 187, 188, 188, 189, 189, 190, 191, 191]
[1, 2, 2, 2, 2, 2, 2, 2, 2, 2, 2, 2, 2, 2, 2, 2, 2, 2, 2, 2, 2, 2, 2, 2, 2, 2]
[1, 5, 17, 55, 122, 151, 159, 163, 170, 177, 182, 184, 185, 187, 187, 189, 190, 190, 190, 190, 190, 190, 191, 192, 192, 192]
[1, 2, 4, 13, 36, 87, 132, 159, 180, 189, 190, 198, 198, 198, 198, 198, 199, 199, 200, 200, 200, 200, 200, 200, 200, 200]
[1, 1, 1, 1, 1, 1, 1, 1, 1, 1, 1, 1, 1, 1, 1, 1, 1, 1, 1, 1, 1, 1, 1, 1, 1, 1]
[1, 7, 22, 69, 120, 150, 164, 173, 178, 181, 183, 185, 188, 189, 190, 191, 192, 192, 193, 193, 194, 195, 196, 196, 197, 197]
[1, 1, 1, 1, 1, 1, 1, 1, 1, 1, 1, 1, 1, 1, 1, 1, 1, 1, 1, 1, 1, 1, 1, 1, 1, 1]
[1, 6, 26, 63, 113, 143, 153, 161, 168, 171, 172, 179, 181, 182, 183, 183, 184, 184, 184, 185, 185, 186, 186, 187, 187, 187]
