[1, 1, 1, 1, 1, 1, 1, 1, 1, 1, 1, 1, 1, 1, 1, 1, 1, 1, 1, 1, 1, 1, 1, 1, 1, 1]
[1, 1, 1, 1, 1, 1, 1, 1, 1, 1, 1, 1, 1, 1, 1, 1, 1, 1, 1, 1, 1, 1, 1, 1, 1, 1]
[1, 3, 9, 14, 27, 72, 163, 247, 284, 298, 308, 316, 322, 329, 332, 333, 335, 337, 339, 340, 340, 340, 342, 343, 343, 343]
[1, 8, 51, 156, 218, 257, 278, 292, 297, 305, 313, 317, 324, 328, 333, 335, 339, 339, 339, 340, 340, 342, 343, 343, 343, 344]
[1, 3, 4, 7, 13, 17, 33, 74, 150, 227, 283, 310, 320, 329, 335, 336, 338, 339, 341, 343, 344, 346, 348, 348, 349, 349]
[1, 30, 58, 138, 227, 267, 284, 300, 313, 325, 332, 335, 337, 341, 343, 344, 348, 349, 349, 349, 349, 351, 351, 351, 351, 352]
[1, 5, 8, 27, 125, 244, 295, 328, 344, 352, 356, 359, 359, 361, 362, 362, 364, 366, 368, 368, 368, 370, 371, 372, 372, 372]
[1, 1, 1, 1, 1, 1, 1, 1, 1, 1, 1, 1, 1, 1, 1, 1, 1, 1, 1, 1, 1, 1, 1, 1, 1, 1]
[1, 1, 1, 1, 1, 1, 1, 1, 1, 1, 1, 1, 1, 1, 1, 1, 1, 1, 1, 1, 1, 1, 1, 1, 1, 1]
[1, 2, 7, 26, 78, 180, 236, 267, 284, 298, 306, 313, 316, 324, 330, 335, 337, 338, 339, 339, 341, 341, 341, 343, 345, 346]
[1, 1, 1, 1, 1, 2, 3, 5, 21, 64, 187, 273, 317, 339, 352, 361, 366, 368, 369, 374, 376, 378, 378, 378, 378, 378]
[1, 1, 1, 1, 1, 1, 1, 1, 1, 1, 1, 1, 1, 1, 1, 1, 1, 1, 1, 1, 1, 1, 1, 1, 1, 1]
[1, 1, 1, 1, 1, 1, 1, 1, 1, 1, 1, 1, 1, 1, 1, 1, 1, 1, 1, 1, 1, 1, 1, 1, 1, 1]
[1, 1, 1, 1, 1, 1, 1, 1, 1, 1, 1, 1, 1, 1, 1, 1, 1, 1, 1, 1, 1, 1, 1, 1, 1, 1]
[1, 1, 2, 13, 101, 183, 235, 269, 300, 312, 318, 324, 328, 334, 340, 342, 342, 344, 345, 346, 346, 346, 348, 349, 350, 351]
[1, 2, 9, 47, 129, 226, 274, 301, 320, 324, 333, 341, 344, 349, 351, 353, 353, 354, 355, 357, 358, 358, 358, 360, 360, 361]
[1, 1, 1, 1, 1, 1, 1, 1, 1, 1, 1, 1, 1, 1, 1, 1, 2, 8, 26, 96, 201, 250, 267, 284, 296, 314]
[1, 1, 1, 1, 1, 1, 1, 1, 1, 1, 1, 1, 1, 1, 1, 1, 1, 1, 1, 1, 1, 1, 1, 1, 1, 1]
[1, 1, 1, 1, 1, 1, 1, 1, 1, 1, 2, 5, 17, 46, 120, 208, 243, 275, 299, 306, 315, 323, 325, 328, 330, 331]
[1, 8, 33, 102, 208, 266, 297, 319, 332, 341, 344, 349, 354, 358, 359, 361, 363, 364, 365, 367, 367, 367, 367, 367, 367, 367]
[1, 1, 1, 1, 1, 1, 1, 1, 1, 1, 1, 1, 1, 1, 2, 4, 9, 37, 155, 231, 274, 297, 308, 321, 329, 334]
[1, 4, 18, 86, 177, 250, 281, 304, 312, 322, 326, 330, 337, 343, 346, 347, 349, 349, 350, 350, 351, 351, 352, 352, 352, 353]
[1, 2, 4, 10, 52, 115, 199, 267, 294, 311, 321, 324, 331, 333, 335, 339, 341, 342, 343, 344, 345, 347, 347, 347, 347, 348]
[1, 1, 1, 1, 1, 1, 2, 5, 7, 11, 29, 86, 186, 252, 284, 301, 313, 320, 327, 330, 333, 340, 342, 346, 348, 349]
[1, 6, 26, 121, 219, 281, 296, 310, 317, 325, 329, 332, 336, 340, 340, 341, 342, 343, 344, 346, 348, 348, 348, 349, 349, 349]
