[1, 8, 9, 13, 26, 88, 185, 239, 271, 303, 323, 339, 346, 353, 355, 361, 365, 369, 370, 370, 372, 372, 373, 373, 373, 373]
[1, 6, 9, 31, 99, 199, 250, 278, 293, 309, 316, 326, 334, 339, 347, 351, 355, 360, 365, 365, 367, 368, 368, 368, 368, 368]
[1, 12, 19, 53, 123, 197, 250, 287, 312, 324, 333, 338, 343, 347, 358, 358, 360, 361, 361, 361, 363, 364, 364, 364, 364, 364]
[1, 2, 2, 2, 2, 2, 2, 2, 2, 2, 2, 2, 2, 3, 3, 4, 18, 54, 123, 204, 248, 271, 283, 299, 306, 313]
[1, 13, 33, 102, 178, 233, 272, 297, 314, 319, 324, 330, 337, 338, 344, 345, 347, 348, 348, 352, 352, 354, 354, 354, 354, 354]
[1, 5, 6, 12, 27, 82, 148, 216, 239, 264, 289, 301, 316, 329, 331, 338, 344, 345, 345, 349, 351, 353, 354, 355, 356, 358]
[1, 37, 75, 188, 250, 283, 308, 318, 330, 334, 345, 351, 355, 356, 360, 361, 363, 363, 363, 365, 366, 367, 367, 367, 368, 368]
[1, 9, 13, 32, 70, 148, 210, 255, 280, 292, 308, 317, 327, 331, 333, 335, 338, 338, 339, 339, 341, 341, 342, 344, 344, 346]
[1, 40, 102, 198, 273, 301, 317, 331, 337, 341, 347, 349, 350, 354, 357, 360, 362, 364, 366, 368, 369, 370, 370, 370, 371, 371]
[1, 18, 29, 51, 126, 218, 272, 306, 327, 344, 348, 351, 351, 359, 361, 363, 365, 365, 365, 365, 367, 370, 372, 372, 372, 373]
[1, 3, 6, 28, 75, 165, 228, 270, 292, 308, 315, 322, 330, 335, 341, 344, 347, 351, 354, 355, 356, 359, 360, 360, 360, 361]
[1, 1, 1, 1, 1, 1, 1, 1, 1, 1, 1, 1, 1, 1, 1, 1, 1, 1, 1, 1, 1, 1, 1, 1, 1, 1]
[1, 8, 19, 72, 167, 246, 282, 309, 325, 331, 339, 348, 352, 358, 362, 363, 364, 365, 365, 366, 366, 367, 367, 367, 367, 367]
[1, 35, 61, 144, 222, 276, 302, 316, 322, 332, 342, 347, 348, 351, 353, 357, 359, 359, 362, 363, 364, 366, 367, 367, 368, 371]
[1, 13, 17, 33, 105, 191, 251, 283, 309, 323, 329, 335, 341, 345, 349, 350, 351, 354, 358, 358, 359, 360, 361, 361, 362, 363]
[1, 39, 85, 180, 249, 286, 315, 325, 334, 342, 345, 346, 347, 351, 354, 358, 359, 361, 361, 361, 361, 361, 362, 363, 364, 364]
[1, 46, 83, 175, 254, 297, 320, 331, 340, 343, 347, 355, 357, 361, 365, 369, 369, 370, 371, 371, 371, 373, 375, 375, 375, 375]
[1, 26, 49, 134, 218, 252, 283, 303, 316, 325, 328, 331, 336, 337, 339, 341, 341, 344, 344, 345, 346, 347, 348, 348, 349, 349]
[1, 6, 12, 42, 150, 231, 286, 300, 318, 326, 332, 339, 344, 349, 353, 357, 361, 363, 365, 368, 369, 369, 370, 370, 371, 371]
[1, 26, 43, 116, 188, 250, 278, 295, 307, 319, 324, 330, 334, 338, 344, 346, 349, 351, 354, 354, 355, 358, 360, 360, 360, 360]
[1, 17, 27, 87, 198, 251, 297, 318, 328, 335, 337, 341, 342, 348, 350, 353, 355, 357, 357, 359, 360, 361, 361, 361, 362, 363]
[1, 21, 39, 95, 188, 245, 273, 297, 313, 327, 336, 343, 344, 348, 348, 351, 351, 354, 355, 356, 358, 358, 358, 360, 361, 361]
[1, 19, 48, 123, 216, 264, 290, 311, 326, 336, 346, 350, 353, 356, 356, 357, 358, 361, 364, 365, 367, 369, 369, 370, 370, 370]
[1, 8, 21, 64, 150, 233, 266, 293, 304, 317, 324, 327, 331, 332, 333, 337, 342, 343, 345, 347, 349, 351, 352, 352, 352, 352]
[1, 8, 25, 78, 154, 220, 265, 296, 308, 315, 324, 328, 334, 336, 339, 341, 347, 354, 356, 357, 358, 359, 359, 361, 363, 363]
