[1, 2, 3, 48, 99, 138, 173, 181, 193, 198, 204, 207, 208, 210, 211, 214, 214, 215, 215, 219, 219, 219, 219, 219, 219, 219]
[1, 3, 6, 8, 27, 39, 88, 111, 128, 138, 145, 150, 156, 161, 164, 167, 169, 169, 171, 172, 173, 173, 173, 173, 175, 175]
[1, 23, 40, 66, 94, 128, 151, 162, 163, 167, 168, 172, 173, 176, 178, 179, 181, 181, 182, 182, 183, 183, 183, 183, 183, 184]
[1, 22, 37, 70, 119, 144, 166, 171, 176, 182, 187, 190, 191, 193, 193, 195, 195, 196, 198, 200, 201, 201, 201, 201, 203, 203]
[1, 2, 14, 19, 33, 47, 82, 116, 135, 150, 164, 171, 176, 178, 179, 184, 187, 188, 190, 190, 190, 191, 191, 191, 191, 192]
[1, 1, 2, 6, 9, 23, 40, 116, 168, 181, 190, 197, 205, 207, 208, 208, 209, 210, 210, 211, 211, 212, 212, 212, 212, 214]
[1, 1, 1, 1, 2, 4, 29, 48, 95, 114, 137, 160, 168, 170, 173, 176, 180, 181, 182, 184, 185, 185, 186, 188, 189, 189]
[1, 5, 17, 27, 96, 133, 150, 164, 173, 178, 182, 186, 194, 194, 198, 199, 199, 199, 199, 199, 199, 199, 199, 199, 199, 199]
[1, 2, 5, 17, 41, 76, 104, 132, 145, 158, 167, 176, 179, 179, 180, 181, 181, 182, 182, 183, 185, 186, 186, 186, 186, 186]
[1, 55, 93, 135, 168, 176, 184, 189, 194, 194, 195, 197, 197, 197, 197, 198, 198, 199, 199, 199, 199, 199, 199, 199, 199, 199]
[1, 1, 1, 1, 1, 1, 1, 1, 1, 1, 1, 1, 1, 1, 1, 1, 1, 1, 1, 1, 1, 1, 1, 1, 1, 1]
[1, 19, 35, 93, 130, 159, 166, 174, 176, 178, 182, 185, 188, 189, 189, 191, 193, 193, 193, 195, 195, 195, 195, 195, 195, 195]
[1, 1, 1, 2, 2, 2, 3, 6, 23, 44, 78, 103, 130, 148, 164, 171, 177, 182, 183, 183, 185, 187, 188, 190, 190, 190]
[1, 1, 1, 1, 2, 4, 30, 44, 76, 103, 121, 135, 145, 153, 158, 160, 163, 167, 168, 171, 173, 173, 174, 175, 175, 176]
[1, 1, 1, 1, 1, 1, 1, 2, 4, 10, 49, 99, 136, 151, 162, 168, 178, 182, 182, 186, 188, 189, 189, 191, 193, 194]
[1, 1, 2, 5, 14, 34, 54, 73, 97, 119, 132, 141, 152, 157, 160, 161, 164, 165, 167, 167, 167, 167, 168, 168, 168, 169]
[1, 1, 1, 1, 1, 1, 1, 1, 1, 1, 1, 1, 1, 1, 1, 1, 1, 1, 1, 1, 1, 1, 1, 2, 3, 13]
[1, 3, 3, 3, 3, 3, 3, 3, 3, 3, 3, 3, 3, 3, 3, 3, 3, 3, 3, 3, 3, 3, 3, 3, 3, 3]
[1, 1, 1, 1, 1, 1, 1, 1, 1, 1, 1, 1, 1, 1, 1, 1, 1, 1, 1, 1, 1, 1, 1, 1, 1, 1]
[1, 1, 1, 1, 1, 1, 1, 1, 1, 1, 1, 1, 1, 1, 1, 1, 1, 1, 1, 1, 1, 1, 1, 1, 1, 1]
[1, 1, 1, 2, 30, 44, 69, 91, 115, 135, 149, 159, 165, 171, 173, 177, 178, 180, 180, 180, 180, 183, 183, 183, 183, 183]
[1, 23, 60, 107, 128, 146, 156, 162, 166, 169, 172, 174, 176, 178, 179, 179, 179, 180, 180, 180, 182, 182, 182, 182, 182, 182]
[1, 1, 1, 2, 3, 4, 10, 46, 69, 92, 115, 133, 152, 159, 166, 169, 172, 173, 173, 174, 175, 175, 176, 176, 177, 177]
[1, 19, 52, 86, 117, 137, 151, 159, 169, 176, 180, 182, 184, 184, 186, 187, 187, 188, 188, 189, 189, 189, 189, 189, 189, 189]
[1, 2, 5, 16, 42, 71, 98, 119, 132, 141, 147, 153, 154, 156, 156, 156, 158, 162, 165, 166, 166, 167, 167, 167, 167, 167]
