[1, 4, 4, 5, 19, 45, 70, 80, 90, 95, 100, 104, 107, 107, 108, 110, 111, 111, 112, 114, 114, 114, 115, 115, 115, 115]
[1, 2, 3, 4, 5, 8, 14, 28, 51, 78, 97, 111, 117, 122, 126, 128, 130, 131, 132, 134, 134, 134, 134, 135, 137, 138]
[1, 1, 1, 1, 1, 1, 1, 1, 1, 1, 1, 1, 1, 1, 1, 1, 1, 1, 1, 1, 1, 1, 1, 1, 1, 1]
[1, 2, 2, 2, 3, 10, 23, 37, 61, 83, 96, 105, 110, 114, 114, 114, 116, 116, 116, 117, 118, 118, 118, 118, 119, 120]
[1, 1, 2, 2, 3, 6, 21, 56, 78, 96, 104, 109, 113, 115, 116, 117, 119, 122, 122, 123, 124, 124, 124, 124, 124, 124]
[1, 4, 11, 21, 43, 68, 84, 91, 100, 106, 109, 112, 114, 115, 116, 118, 119, 119, 119, 119, 120, 120, 121, 121, 121, 121]
[1, 2, 5, 22, 40, 63, 82, 90, 99, 102, 106, 108, 112, 115, 116, 119, 120, 121, 122, 122, 122, 122, 123, 124, 124, 124]
[1, 1, 1, 1, 1, 1, 1, 1, 1, 1, 1, 1, 1, 1, 1, 2, 2, 2, 3, 4, 7, 19, 35, 67, 91, 104]
[1, 1, 1, 1, 1, 1, 1, 1, 1, 1, 1, 1, 1, 1, 1, 1, 1, 1, 1, 1, 1, 1, 1, 1, 1, 1]
[1, 4, 4, 4, 4, 4, 5, 12, 31, 48, 75, 93, 102, 106, 111, 111, 115, 117, 119, 119, 119, 119, 121, 121, 121, 121]
[1, 3, 10, 16, 36, 67, 86, 97, 109, 113, 115, 117, 119, 120, 122, 123, 124, 125, 125, 125, 125, 126, 126, 126, 126, 126]
[1, 3, 14, 31, 56, 82, 97, 106, 113, 119, 121, 123, 125, 125, 125, 126, 126, 127, 127, 127, 127, 128, 128, 128, 128, 128]
[1, 1, 1, 1, 1, 1, 1, 1, 1, 1, 1, 1, 1, 1, 1, 1, 1, 1, 1, 1, 1, 1, 1, 1, 1, 1]
[1, 4, 8, 21, 47, 70, 84, 89, 94, 102, 108, 111, 118, 118, 119, 120, 120, 120, 120, 120, 120, 121, 121, 121, 121, 121]
[1, 1, 3, 10, 20, 45, 72, 89, 97, 103, 108, 110, 111, 112, 113, 114, 114, 114, 116, 116, 116, 117, 118, 119, 119, 119]
[1, 4, 8, 20, 35, 68, 88, 103, 112, 123, 127, 132, 133, 134, 136, 138, 139, 140, 141, 141, 141, 141, 142, 142, 143, 143]
[1, 1, 1, 1, 1, 1, 1, 2, 2, 2, 2, 2, 2, 3, 8, 17, 36, 67, 89, 104, 109, 111, 112, 113, 116, 118]
[1, 4, 7, 14, 27, 60, 83, 95, 101, 107, 109, 112, 114, 116, 117, 118, 119, 119, 120, 120, 122, 122, 123, 123, 123, 123]
[1, 4, 8, 27, 56, 74, 90, 96, 102, 105, 106, 110, 111, 113, 115, 116, 116, 116, 117, 117, 118, 120, 121, 123, 123, 124]
[1, 2, 4, 18, 43, 74, 94, 100, 107, 111, 113, 115, 116, 118, 119, 120, 123, 124, 124, 124, 124, 124, 124, 124, 124, 124]
[1, 11, 29, 47, 70, 89, 99, 103, 106, 107, 110, 114, 115, 116, 117, 117, 118, 118, 119, 119, 119, 119, 119, 119, 119, 119]
[1, 1, 1, 1, 1, 1, 1, 1, 1, 1, 1, 1, 1, 1, 1, 1, 1, 1, 1, 1, 1, 1, 1, 1, 1, 1]
[1, 7, 12, 32, 56, 76, 88, 92, 95, 99, 102, 105, 106, 106, 106, 107, 109, 111, 112, 112, 112, 112, 112, 112, 112, 112]
[1, 1, 1, 1, 1, 1, 1, 1, 1, 1, 1, 1, 1, 1, 1, 1, 1, 1, 1, 1, 1, 1, 1, 1, 1, 1]
[1, 1, 1, 1, 1, 1, 1, 1, 1, 1, 1, 1, 1, 1, 1, 1, 1, 1, 1, 1, 1, 1, 1, 1, 1, 1]
