[1, 1, 1, 1, 1, 1, 1, 1, 1, 1, 1, 1, 1, 1, 1, 1, 1, 1, 1, 1, 1, 1, 1, 1, 1, 1]
[1, 13, 17, 24, 47, 71, 87, 101, 106, 112, 113, 115, 116, 119, 120, 120, 120, 121, 121, 121, 121, 121, 121, 121, 121, 124]
[1, 12, 19, 44, 65, 76, 88, 95, 104, 108, 110, 114, 116, 120, 122, 124, 124, 124, 125, 125, 125, 126, 127, 127, 127, 127]
[1, 2, 4, 11, 26, 39, 57, 75, 87, 96, 98, 103, 106, 109, 111, 115, 115, 115, 116, 118, 118, 118, 118, 119, 121, 122]
[1, 11, 18, 35, 66, 83, 94, 100, 104, 109, 113, 116, 117, 120, 120, 121, 123, 123, 123, 123, 124, 124, 125, 125, 125, 125]
[1, 1, 1, 1, 1, 1, 1, 1, 1, 1, 1, 1, 1, 1, 1, 1, 1, 1, 1, 1, 1, 1, 1, 1, 1, 1]
[1, 9, 17, 45, 64, 82, 99, 107, 110, 112, 113, 115, 116, 119, 120, 120, 122, 123, 124, 125, 125, 125, 125, 125, 127, 127]
[1, 12, 23, 44, 62, 80, 87, 93, 99, 100, 101, 103, 107, 109, 111, 112, 116, 116, 116, 117, 118, 118, 119, 119, 120, 120]
[1, 2, 2, 4, 9, 21, 36, 60, 69, 78, 84, 95, 102, 105, 109, 109, 110, 112, 113, 115, 115, 115, 115, 116, 116, 116]
[1, 1, 1, 1, 1, 1, 1, 1, 1, 1, 1, 1, 1, 1, 1, 1, 1, 1, 1, 1, 1, 1, 1, 1, 1, 1]
[1, 16, 33, 57, 80, 94, 102, 112, 116, 118, 124, 126, 126, 127, 128, 129, 130, 130, 130, 131, 131, 131, 131, 131, 131, 131]
[1, 8, 17, 46, 63, 84, 94, 100, 107, 109, 113, 116, 118, 120, 121, 122, 123, 124, 124, 125, 126, 128, 128, 128, 128, 129]
[1, 14, 16, 21, 30, 50, 73, 84, 93, 100, 106, 109, 112, 113, 113, 113, 115, 117, 118, 120, 120, 121, 122, 123, 123, 123]
[1, 1, 1, 1, 1, 1, 1, 1, 1, 1, 1, 1, 1, 1, 1, 1, 1, 1, 1, 1, 1, 1, 1, 1, 1, 1]
[1, 9, 15, 28, 50, 70, 81, 91, 95, 99, 104, 110, 116, 116, 117, 118, 119, 120, 123, 125, 126, 126, 126, 126, 126, 126]
[1, 5, 6, 12, 15, 26, 35, 60, 75, 89, 103, 109, 113, 114, 118, 121, 121, 121, 123, 123, 123, 123, 123, 123, 123, 123]
[1, 15, 28, 47, 78, 105, 120, 128, 132, 136, 140, 142, 146, 147, 151, 151, 151, 151, 151, 151, 151, 151, 151, 151, 151, 151]
[1, 6, 7, 10, 27, 57, 72, 83, 95, 101, 104, 108, 112, 115, 117, 118, 119, 120, 120, 120, 121, 121, 123, 123, 123, 123]
[1, 3, 3, 3, 3, 3, 3, 3, 3, 3, 3, 3, 3, 3, 3, 3, 3, 3, 3, 3, 3, 3, 3, 3, 3, 3]
[1, 10, 13, 22, 46, 63, 84, 101, 108, 111, 113, 116, 116, 119, 119, 121, 122, 122, 122, 122, 122, 122, 123, 124, 124, 124]
[1, 8, 14, 34, 59, 77, 88, 100, 104, 107, 116, 118, 122, 123, 125, 127, 127, 127, 127, 128, 128, 128, 128, 129, 129, 129]
[1, 5, 5, 6, 15, 31, 46, 66, 81, 89, 98, 102, 105, 110, 112, 113, 116, 118, 120, 121, 121, 121, 123, 124, 124, 126]
[1, 21, 32, 49, 70, 84, 90, 97, 105, 108, 113, 119, 121, 122, 125, 125, 125, 125, 125, 127, 129, 129, 129, 129, 129, 129]
[1, 4, 9, 17, 26, 47, 68, 89, 95, 101, 105, 105, 107, 111, 114, 115, 117, 117, 119, 121, 121, 121, 121, 122, 122, 122]
[1, 10, 19, 32, 58, 78, 90, 99, 103, 105, 108, 110, 110, 110, 114, 114, 114, 114, 114, 114, 116, 116, 117, 117, 117, 117]
