[1, 2, 11, 37, 80, 128, 149, 164, 173, 176, 179, 182, 184, 188, 189, 191, 193, 196, 198, 200, 200, 200, 202, 202, 202, 202]
[1, 1, 1, 2, 4, 9, 24, 60, 103, 135, 154, 176, 183, 188, 192, 198, 203, 206, 207, 208, 208, 208, 208, 208, 211, 211]
[1, 6, 12, 26, 81, 137, 165, 183, 195, 198, 202, 203, 206, 206, 211, 215, 219, 219, 219, 219, 219, 220, 220, 220, 220, 221]
[1, 1, 1, 1, 1, 1, 1, 1, 1, 1, 1, 1, 1, 1, 1, 1, 1, 1, 1, 1, 1, 1, 1, 1, 1, 1]
[1, 2, 2, 2, 2, 2, 2, 2, 2, 2, 2, 2, 2, 2, 2, 2, 2, 2, 2, 2, 2, 2, 2, 2, 2, 2]
[1, 2, 2, 4, 8, 10, 17, 37, 77, 123, 151, 171, 177, 185, 187, 194, 198, 200, 202, 204, 205, 205, 208, 208, 208, 211]
[1, 6, 14, 24, 70, 118, 149, 166, 178, 181, 186, 189, 196, 201, 209, 212, 213, 213, 214, 215, 215, 215, 215, 216, 216, 216]
[1, 3, 5, 8, 15, 45, 93, 142, 160, 171, 174, 186, 191, 194, 197, 198, 201, 204, 206, 207, 207, 207, 208, 208, 208, 208]
[1, 2, 4, 8, 12, 41, 84, 119, 139, 157, 173, 181, 189, 193, 198, 200, 203, 204, 205, 205, 206, 208, 208, 208, 208, 208]
[1, 3, 7, 18, 44, 87, 126, 167, 177, 196, 201, 207, 213, 215, 216, 217, 219, 220, 221, 221, 221, 221, 221, 223, 223, 223]
[1, 4, 23, 70, 124, 149, 172, 182, 195, 199, 204, 207, 210, 215, 215, 215, 216, 217, 217, 217, 217, 217, 220, 220, 220, 220]
[1, 4, 8, 26, 72, 116, 161, 181, 193, 199, 204, 207, 212, 214, 215, 217, 218, 219, 219, 220, 220, 220, 220, 220, 220, 220]
[1, 4, 6, 18, 34, 92, 131, 165, 187, 194, 197, 205, 208, 213, 215, 217, 217, 217, 219, 219, 220, 220, 221, 221, 221, 222]
[1, 5, 24, 69, 116, 149, 167, 175, 185, 193, 202, 203, 205, 206, 207, 209, 212, 213, 213, 213, 213, 214, 214, 214, 214, 214]
[1, 7, 25, 66, 114, 142, 161, 168, 178, 183, 185, 189, 195, 197, 199, 202, 204, 204, 204, 205, 205, 206, 207, 207, 207, 207]
[1, 2, 3, 17, 41, 88, 125, 156, 169, 179, 182, 188, 199, 202, 204, 205, 208, 209, 210, 210, 211, 211, 213, 214, 214, 214]
[1, 1, 2, 7, 28, 71, 125, 148, 164, 172, 178, 183, 188, 192, 196, 199, 199, 200, 203, 207, 208, 209, 209, 210, 211, 211]
[1, 2, 9, 22, 41, 78, 121, 146, 162, 173, 179, 187, 191, 195, 199, 200, 200, 201, 202, 203, 204, 205, 205, 205, 205, 205]
[1, 3, 19, 47, 91, 134, 156, 173, 183, 191, 198, 199, 202, 205, 206, 208, 209, 210, 212, 213, 215, 215, 215, 215, 216, 216]
[1, 2, 3, 4, 10, 37, 83, 124, 148, 161, 169, 180, 184, 189, 193, 197, 200, 202, 203, 206, 206, 206, 206, 206, 206, 206]
[1, 4, 5, 7, 7, 13, 34, 90, 145, 172, 183, 193, 200, 203, 209, 211, 215, 217, 217, 218, 219, 220, 220, 220, 221, 221]
[1, 21, 62, 114, 159, 184, 198, 208, 213, 218, 220, 222, 223, 224, 225, 226, 227, 227, 228, 228, 228, 228, 229, 229, 229, 229]
[1, 1, 2, 11, 23, 55, 107, 145, 161, 172, 180, 189, 191, 194, 195, 197, 198, 201, 201, 201, 202, 204, 204, 205, 206, 206]
[1, 1, 2, 6, 24, 57, 109, 133, 153, 168, 182, 189, 194, 199, 205, 209, 211, 214, 214, 216, 217, 218, 218, 219, 219, 219]
[1, 3, 21, 71, 117, 161, 184, 191, 200, 208, 215, 217, 219, 224, 227, 229, 231, 234, 236, 238, 239, 241, 241, 242, 242, 243]
