[1, 2, 2, 2, 2, 2, 2, 2, 3, 8, 41, 256, 533, 690, 771, 821, 861, 893, 913, 933, 950, 958, 963, 969, 976, 981]
[1, 3, 11, 65, 254, 522, 682, 779, 829, 866, 892, 917, 939, 952, 961, 973, 984, 986, 989, 994, 1000, 1002, 1004, 1007, 1008, 1009]
[1, 3, 25, 70, 187, 438, 641, 740, 794, 842, 871, 894, 909, 923, 935, 944, 954, 961, 964, 969, 971, 976, 979, 982, 985, 986]
[1, 2, 7, 29, 99, 331, 587, 721, 800, 849, 886, 908, 924, 940, 949, 957, 966, 967, 975, 981, 984, 990, 992, 995, 999, 999]
[1, 4, 13, 52, 312, 573, 704, 778, 838, 870, 896, 911, 928, 945, 955, 964, 973, 977, 980, 983, 986, 990, 993, 994, 998, 1000]
[1, 1, 1, 1, 1, 1, 1, 1, 1, 1, 1, 1, 1, 1, 1, 1, 1, 1, 1, 1, 1, 1, 1, 1, 1, 1]
[1, 1, 1, 1, 1, 2, 14, 113, 319, 547, 672, 742, 794, 833, 867, 893, 907, 916, 924, 931, 936, 944, 948, 952, 952, 956]
[1, 13, 40, 197, 433, 644, 731, 795, 846, 887, 910, 925, 936, 949, 957, 967, 972, 977, 982, 990, 993, 994, 997, 999, 1003, 1004]
[1, 3, 4, 6, 11, 31, 199, 450, 618, 714, 793, 846, 887, 918, 942, 961, 978, 985, 993, 999, 1007, 1012, 1015, 1023, 1026, 1029]
[1, 1, 1, 1, 1, 1, 1, 1, 1, 1, 1, 1, 1, 1, 1, 1, 1, 1, 1, 1, 1, 1, 1, 1, 1, 1]
[1, 39, 129, 394, 588, 705, 780, 840, 875, 902, 920, 937, 947, 955, 961, 969, 976, 979, 983, 986, 987, 988, 990, 991, 992, 997]
[1, 10, 89, 280, 541, 693, 774, 826, 864, 893, 915, 932, 941, 951, 957, 962, 971, 979, 987, 996, 1004, 1005, 1007, 1008, 1009, 1010]
[1, 1, 1, 1, 1, 1, 1, 1, 1, 1, 1, 1, 1, 1, 1, 1, 1, 1, 1, 1, 1, 1, 1, 1, 1, 1]
[1, 3, 3, 3, 3, 3, 3, 3, 3, 3, 3, 3, 3, 3, 3, 3, 3, 3, 3, 3, 3, 3, 3, 3, 3, 3]
[1, 1, 1, 1, 1, 1, 1, 1, 1, 1, 1, 1, 1, 1, 1, 1, 1, 1, 1, 1, 1, 1, 1, 1, 1, 1]
[1, 7, 38, 194, 472, 670, 778, 822, 858, 888, 924, 944, 955, 974, 981, 984, 990, 992, 994, 1002, 1007, 1010, 1012, 1013, 1015, 1018]
[1, 3, 5, 8, 61, 268, 541, 721, 816, 863, 896, 931, 958, 978, 989, 1001, 1008, 1011, 1019, 1025, 1032, 1036, 1042, 1047, 1047, 1048]
[1, 24, 108, 394, 586, 703, 788, 849, 887, 916, 936, 956, 973, 987, 999, 1010, 1014, 1019, 1022, 1024, 1028, 1030, 1033, 1040, 1041, 1043]
[1, 7, 51, 230, 481, 667, 751, 829, 871, 898, 916, 931, 948, 959, 971, 974, 979, 981, 982, 986, 989, 990, 993, 996, 998, 999]
[1, 3, 7, 20, 73, 315, 561, 700, 794, 851, 887, 913, 938, 954, 967, 980, 988, 1001, 1006, 1013, 1017, 1020, 1021, 1025, 1027, 1028]
[1, 13, 77, 272, 581, 724, 810, 849, 892, 920, 933, 953, 960, 969, 977, 987, 996, 1002, 1006, 1008, 1008, 1011, 1013, 1013, 1015, 1016]
[1, 7, 25, 91, 262, 519, 664, 745, 817, 862, 881, 901, 912, 926, 934, 944, 954, 961, 972, 974, 975, 981, 984, 988, 990, 994]
[1, 2, 3, 5, 14, 68, 267, 491, 655, 745, 797, 845, 878, 901, 918, 928, 939, 948, 952, 959, 964, 970, 976, 980, 990, 994]
[1, 3, 12, 35, 143, 376, 618, 745, 807, 842, 870, 888, 906, 922, 934, 947, 955, 963, 974, 980, 985, 985, 994, 998, 1001, 1003]
[1, 4, 10, 43, 188, 411, 605, 703, 768, 813, 850, 876, 898, 916, 930, 947, 961, 967, 977, 982, 987, 991, 996, 997, 1000, 1001]
