[1, 2, 2, 2, 2, 3, 5, 10, 65, 262, 547, 767, 873, 943, 986, 1016, 1049, 1064, 1079, 1088, 1096, 1105, 1112, 1114, 1120, 1124]
[1, 2, 5, 25, 91, 322, 612, 800, 905, 981, 1019, 1047, 1063, 1079, 1090, 1099, 1108, 1115, 1123, 1128, 1135, 1136, 1139, 1141, 1142, 1144]
[1, 2, 6, 18, 95, 294, 590, 791, 892, 951, 992, 1019, 1045, 1066, 1081, 1089, 1096, 1108, 1111, 1117, 1125, 1127, 1131, 1133, 1137, 1140]
[1, 7, 22, 83, 331, 624, 815, 915, 982, 1017, 1040, 1059, 1073, 1084, 1095, 1100, 1104, 1110, 1117, 1119, 1121, 1125, 1129, 1131, 1134, 1137]
[1, 1, 1, 1, 1, 1, 1, 1, 1, 1, 1, 1, 1, 1, 1, 1, 1, 1, 1, 1, 1, 1, 1, 1, 1, 1]
[1, 3, 25, 66, 230, 519, 717, 863, 941, 989, 1031, 1065, 1080, 1090, 1096, 1105, 1114, 1119, 1125, 1130, 1132, 1133, 1133, 1134, 1135, 1135]
[1, 12, 34, 114, 374, 634, 793, 884, 936, 974, 1006, 1021, 1037, 1053, 1063, 1073, 1082, 1095, 1103, 1105, 1111, 1115, 1119, 1119, 1120, 1122]
[1, 4, 7, 23, 114, 371, 670, 828, 919, 969, 1007, 1043, 1062, 1085, 1100, 1111, 1121, 1129, 1136, 1143, 1152, 1156, 1160, 1163, 1166, 1167]
[1, 2, 5, 9, 20, 81, 294, 587, 776, 881, 945, 988, 1023, 1042, 1061, 1070, 1083, 1088, 1098, 1104, 1109, 1113, 1119, 1125, 1128, 1129]
[1, 7, 41, 159, 418, 696, 850, 940, 991, 1028, 1059, 1077, 1089, 1097, 1106, 1118, 1125, 1129, 1132, 1136, 1138, 1139, 1141, 1143, 1147, 1149]
[1, 6, 22, 53, 173, 492, 735, 870, 941, 980, 1021, 1044, 1066, 1074, 1088, 1092, 1100, 1102, 1106, 1112, 1116, 1118, 1122, 1126, 1131, 1131]
[1, 1, 1, 1, 1, 1, 1, 1, 1, 1, 1, 1, 1, 1, 1, 1, 1, 1, 1, 1, 1, 1, 1, 1, 1, 1]
[1, 1, 1, 2, 3, 9, 47, 282, 596, 793, 919, 988, 1027, 1049, 1069, 1081, 1095, 1102, 1119, 1127, 1131, 1137, 1141, 1146, 1146, 1151]
[1, 6, 37, 124, 384, 678, 832, 924, 976, 1004, 1037, 1061, 1077, 1089, 1094, 1104, 1110, 1118, 1125, 1127, 1133, 1136, 1141, 1144, 1145, 1148]
[1, 13, 33, 110, 331, 634, 813, 911, 963, 998, 1031, 1054, 1073, 1087, 1095, 1101, 1107, 1112, 1119, 1121, 1123, 1128, 1130, 1132, 1134, 1135]
[1, 2, 2, 2, 3, 4, 11, 16, 39, 113, 402, 671, 818, 912, 971, 1000, 1022, 1040, 1061, 1071, 1081, 1090, 1098, 1104, 1107, 1114]
[1, 18, 94, 404, 697, 843, 928, 968, 1006, 1037, 1065, 1081, 1096, 1106, 1116, 1120, 1126, 1130, 1133, 1135, 1137, 1140, 1142, 1145, 1146, 1147]
[1, 1, 1, 1, 1, 1, 1, 1, 1, 1, 1, 1, 1, 1, 1, 1, 1, 1, 1, 1, 1, 1, 1, 1, 1, 1]
[1, 7, 21, 100, 373, 696, 848, 942, 991, 1030, 1051, 1075, 1089, 1103, 1108, 1119, 1122, 1127, 1138, 1141, 1145, 1148, 1152, 1154, 1156, 1156]
[1, 2, 13, 103, 361, 677, 856, 930, 976, 1025, 1047, 1071, 1094, 1106, 1121, 1132, 1134, 1141, 1145, 1150, 1154, 1157, 1160, 1165, 1165, 1166]
[1, 12, 58, 218, 518, 734, 865, 951, 990, 1021, 1050, 1057, 1067, 1082, 1096, 1107, 1114, 1119, 1125, 1129, 1131, 1134, 1134, 1140, 1140, 1143]
[1, 2, 3, 11, 36, 144, 442, 691, 832, 905, 963, 999, 1027, 1059, 1076, 1087, 1096, 1101, 1109, 1114, 1116, 1118, 1122, 1125, 1129, 1133]
[1, 1, 2, 7, 15, 81, 323, 609, 775, 876, 939, 980, 1003, 1023, 1041, 1053, 1065, 1073, 1083, 1089, 1092, 1097, 1100, 1101, 1106, 1111]
[1, 6, 28, 139, 457, 720, 859, 939, 983, 1026, 1052, 1073, 1085, 1093, 1098, 1107, 1115, 1121, 1125, 1127, 1132, 1132, 1134, 1135, 1136, 1136]
[1, 3, 22, 144, 410, 656, 819, 911, 962, 1013, 1046, 1067, 1085, 1100, 1110, 1119, 1122, 1129, 1133, 1135, 1140, 1143, 1145, 1148, 1149, 1149]
