[1, 5, 11, 23, 72, 117, 150, 170, 180, 185, 187, 189, 190, 190, 192, 192, 196, 196, 197, 198, 198, 198, 198, 198, 199, 199]
[1, 1, 1, 1, 1, 1, 1, 1, 1, 1, 1, 1, 1, 1, 1, 1, 1, 1, 1, 1, 1, 1, 1, 1, 1, 1]
[1, 4, 8, 23, 57, 105, 134, 150, 163, 170, 175, 178, 181, 185, 188, 190, 191, 192, 192, 194, 195, 195, 195, 197, 197, 198]
[1, 3, 5, 16, 52, 97, 132, 155, 166, 178, 185, 190, 195, 197, 199, 201, 203, 203, 203, 204, 205, 205, 205, 205, 206, 206]
[1, 2, 4, 15, 47, 86, 133, 152, 164, 173, 176, 179, 182, 184, 186, 189, 190, 190, 191, 192, 195, 197, 198, 199, 199, 199]
[1, 3, 9, 26, 59, 99, 131, 155, 170, 175, 179, 183, 190, 192, 193, 194, 195, 197, 198, 201, 201, 201, 201, 201, 201, 201]
[1, 5, 10, 23, 46, 68, 109, 139, 165, 176, 181, 185, 187, 190, 192, 192, 193, 195, 197, 198, 200, 200, 200, 201, 201, 202]
[1, 2, 7, 29, 63, 101, 136, 158, 165, 173, 181, 187, 189, 191, 194, 195, 195, 195, 195, 197, 197, 197, 197, 197, 197, 199]
[1, 3, 7, 17, 33, 69, 116, 150, 169, 177, 183, 187, 188, 191, 193, 193, 197, 198, 198, 199, 199, 200, 200, 201, 202, 202]
[1, 1, 1, 1, 1, 1, 1, 1, 1, 1, 1, 1, 1, 1, 1, 1, 1, 1, 1, 1, 1, 1, 1, 1, 1, 1]
[1, 1, 1, 1, 1, 1, 1, 1, 1, 1, 1, 1, 1, 1, 1, 1, 1, 1, 1, 1, 1, 1, 1, 1, 1, 1]
[1, 1, 1, 3, 22, 65, 124, 161, 169, 174, 178, 183, 185, 186, 187, 189, 189, 191, 191, 192, 192, 193, 193, 194, 194, 194]
[1, 4, 7, 25, 68, 111, 138, 158, 170, 176, 182, 186, 190, 192, 194, 196, 196, 199, 202, 203, 203, 203, 203, 203, 204, 204]
[1, 1, 1, 1, 1, 1, 1, 1, 1, 1, 1, 1, 1, 1, 1, 1, 1, 1, 1, 1, 1, 1, 1, 1, 1, 1]
[1, 4, 4, 8, 21, 58, 117, 152, 167, 174, 181, 189, 192, 195, 199, 201, 203, 203, 203, 204, 204, 204, 204, 205, 205, 206]
[1, 1, 1, 2, 6, 16, 53, 108, 141, 167, 179, 184, 187, 190, 195, 197, 197, 197, 198, 198, 199, 199, 199, 200, 200, 200]
[1, 5, 9, 26, 73, 112, 145, 163, 174, 183, 186, 192, 195, 197, 198, 199, 200, 200, 200, 201, 201, 201, 201, 201, 201, 201]
[1, 4, 12, 28, 64, 103, 148, 168, 181, 188, 192, 194, 194, 198, 199, 200, 200, 200, 201, 202, 202, 202, 203, 204, 204, 204]
[1, 1, 1, 1, 1, 1, 1, 1, 1, 1, 1, 1, 1, 1, 1, 1, 1, 1, 1, 1, 1, 1, 1, 1, 1, 1]
[1, 4, 8, 30, 70, 101, 135, 162, 167, 177, 180, 183, 185, 189, 191, 194, 194, 195, 196, 197, 199, 199, 199, 199, 199, 200]
[1, 4, 11, 24, 59, 113, 152, 173, 181, 183, 190, 191, 195, 197, 199, 200, 200, 200, 200, 201, 201, 201, 201, 201, 201, 201]
[1, 2, 2, 2, 2, 2, 2, 2, 2, 2, 2, 2, 2, 2, 2, 2, 2, 2, 2, 2, 2, 2, 2, 2, 2, 2]
[1, 2, 3, 5, 11, 25, 61, 104, 134, 151, 162, 170, 179, 185, 185, 188, 190, 192, 194, 194, 194, 195, 195, 195, 195, 195]
[1, 4, 10, 21, 71, 106, 141, 162, 172, 183, 190, 193, 194, 198, 199, 200, 201, 201, 201, 201, 201, 201, 201, 201, 202, 202]
[1, 1, 2, 3, 9, 28, 74, 113, 141, 165, 174, 182, 187, 191, 194, 198, 199, 200, 200, 200, 201, 201, 202, 203, 203, 203]
