[1, 1, 1, 1, 1, 1, 1, 1, 2, 4, 12, 22, 51, 96, 138, 168, 189, 197, 207, 212, 220, 225, 226, 230, 233, 235]
[1, 22, 33, 72, 107, 142, 170, 191, 204, 210, 219, 223, 229, 232, 234, 235, 237, 237, 239, 240, 240, 241, 241, 242, 242, 242]
[1, 16, 42, 76, 134, 167, 188, 205, 217, 226, 234, 238, 241, 243, 246, 247, 249, 250, 252, 255, 255, 256, 258, 259, 260, 260]
[1, 13, 24, 54, 96, 116, 138, 154, 169, 179, 183, 192, 198, 200, 203, 207, 211, 213, 213, 216, 218, 218, 220, 221, 221, 221]
[1, 4, 8, 30, 101, 141, 174, 192, 201, 208, 215, 220, 225, 227, 230, 231, 233, 233, 235, 237, 237, 237, 237, 239, 240, 243]
[1, 1, 1, 1, 1, 1, 1, 1, 1, 2, 4, 10, 45, 83, 123, 154, 170, 182, 191, 199, 202, 205, 206, 209, 211, 214]
[1, 4, 16, 46, 81, 127, 155, 177, 190, 202, 206, 209, 215, 217, 222, 223, 226, 229, 231, 232, 236, 236, 237, 237, 238, 240]
[1, 3, 10, 49, 78, 118, 141, 166, 180, 185, 193, 198, 202, 207, 210, 213, 215, 217, 218, 220, 222, 223, 225, 225, 226, 229]
[1, 4, 9, 19, 25, 47, 73, 114, 145, 164, 185, 197, 206, 210, 218, 221, 225, 226, 230, 236, 239, 240, 243, 243, 243, 243]
[1, 1, 2, 3, 4, 8, 10, 15, 21, 33, 56, 100, 142, 163, 172, 180, 189, 195, 198, 203, 206, 212, 217, 220, 221, 222]
[1, 5, 45, 84, 132, 156, 175, 186, 192, 201, 205, 208, 211, 214, 217, 218, 219, 221, 221, 224, 224, 225, 226, 228, 229, 231]
[1, 4, 12, 28, 59, 92, 126, 184, 195, 208, 219, 226, 232, 236, 242, 246, 250, 253, 255, 256, 257, 257, 258, 258, 258, 258]
[1, 4, 7, 14, 22, 57, 94, 136, 163, 182, 194, 203, 208, 213, 218, 224, 225, 231, 233, 234, 236, 237, 238, 238, 240, 241]
[1, 1, 1, 1, 1, 1, 1, 1, 1, 1, 1, 1, 1, 1, 1, 1, 1, 1, 1, 1, 1, 1, 1, 1, 1, 1]
[1, 2, 4, 4, 4, 5, 27, 56, 99, 141, 160, 169, 179, 186, 191, 197, 201, 206, 210, 215, 217, 219, 220, 221, 222, 222]
[1, 2, 4, 8, 17, 69, 121, 149, 170, 185, 204, 215, 221, 225, 230, 234, 235, 238, 240, 241, 241, 241, 241, 241, 241, 241]
[1, 3, 5, 13, 31, 64, 92, 110, 131, 149, 164, 172, 181, 187, 192, 195, 201, 203, 204, 206, 207, 208, 211, 212, 212, 214]
[1, 17, 27, 64, 86, 106, 139, 160, 165, 179, 186, 195, 199, 203, 205, 206, 209, 210, 211, 211, 213, 213, 215, 216, 218, 218]
[1, 15, 28, 37, 52, 99, 134, 164, 182, 198, 209, 216, 217, 225, 228, 234, 237, 238, 238, 239, 242, 246, 248, 248, 248, 248]
[1, 2, 5, 12, 22, 48, 95, 120, 142, 158, 178, 191, 199, 207, 209, 212, 214, 216, 217, 220, 220, 220, 220, 222, 223, 225]
[1, 19, 45, 68, 126, 175, 212, 243, 271, 287, 298, 307, 314, 322, 328, 331, 332, 334, 337, 340, 342, 343, 343, 343, 344, 345]
[1, 1, 1, 1, 1, 1, 1, 1, 1, 1, 1, 1, 1, 1, 1, 1, 1, 1, 1, 1, 1, 1, 1, 1, 1, 1]
[1, 38, 75, 129, 164, 181, 199, 208, 218, 225, 232, 233, 239, 240, 244, 244, 244, 244, 245, 246, 247, 248, 248, 248, 248, 249]
[1, 5, 10, 51, 98, 121, 149, 174, 180, 190, 198, 203, 212, 216, 221, 224, 225, 225, 226, 227, 230, 231, 232, 232, 232, 232]
[1, 5, 13, 25, 92, 137, 173, 190, 200, 208, 216, 220, 229, 235, 237, 239, 241, 242, 242, 243, 244, 245, 245, 247, 247, 247]
