[1, 59, 108, 200, 263, 296, 317, 330, 336, 343, 351, 358, 359, 365, 365, 365, 367, 367, 368, 368, 368, 369, 369, 369, 370, 370]
[1, 59, 120, 217, 274, 310, 328, 338, 346, 348, 354, 355, 358, 359, 360, 362, 362, 363, 364, 367, 369, 370, 370, 370, 371, 371]
[1, 46, 91, 205, 272, 298, 319, 329, 338, 348, 354, 359, 364, 367, 371, 372, 373, 375, 375, 375, 376, 378, 381, 381, 381, 381]
[1, 14, 18, 35, 118, 205, 256, 289, 305, 315, 325, 334, 339, 343, 344, 346, 347, 349, 352, 353, 358, 359, 364, 367, 368, 369]
[1, 52, 99, 201, 255, 297, 316, 326, 335, 344, 351, 358, 363, 363, 364, 364, 366, 366, 369, 369, 370, 370, 371, 371, 372, 372]
[1, 10, 17, 72, 158, 233, 273, 298, 315, 325, 328, 342, 344, 348, 352, 354, 357, 360, 360, 361, 361, 362, 363, 364, 364, 365]
[1, 12, 22, 82, 164, 226, 259, 284, 302, 316, 326, 333, 338, 341, 344, 344, 348, 348, 349, 350, 352, 352, 352, 352, 352, 353]
[1, 18, 44, 122, 229, 283, 303, 319, 327, 333, 339, 343, 349, 352, 355, 359, 359, 359, 361, 361, 361, 362, 364, 366, 368, 369]
[1, 42, 73, 169, 244, 282, 300, 325, 334, 339, 341, 347, 354, 358, 363, 365, 369, 371, 372, 372, 374, 374, 374, 376, 376, 376]
[1, 17, 26, 92, 192, 258, 294, 314, 326, 336, 341, 346, 350, 354, 358, 358, 359, 363, 364, 364, 364, 365, 366, 366, 366, 366]
[1, 7, 9, 32, 110, 189, 243, 270, 289, 302, 310, 317, 324, 335, 339, 341, 346, 350, 352, 356, 356, 356, 357, 360, 361, 363]
[1, 26, 43, 119, 202, 261, 296, 314, 325, 332, 338, 344, 350, 354, 356, 359, 361, 363, 364, 367, 368, 368, 370, 370, 371, 372]
[1, 49, 146, 246, 303, 332, 345, 358, 362, 366, 370, 374, 375, 376, 378, 381, 382, 382, 383, 383, 383, 385, 386, 388, 389, 389]
[1, 16, 28, 79, 186, 259, 297, 311, 324, 333, 339, 345, 348, 348, 350, 353, 356, 356, 357, 357, 359, 361, 361, 362, 363, 363]
[1, 9, 14, 25, 80, 171, 250, 290, 312, 325, 334, 340, 343, 346, 348, 351, 352, 354, 357, 358, 363, 364, 365, 365, 367, 367]
[1, 26, 41, 121, 201, 263, 298, 314, 330, 336, 342, 352, 357, 361, 362, 364, 367, 368, 369, 369, 371, 373, 373, 374, 376, 376]
[1, 16, 26, 60, 149, 235, 276, 301, 321, 338, 342, 350, 355, 357, 357, 360, 363, 363, 363, 364, 365, 365, 367, 367, 368, 369]
[1, 37, 94, 191, 253, 289, 307, 320, 326, 335, 342, 347, 352, 354, 359, 361, 363, 365, 365, 366, 366, 368, 368, 368, 368, 368]
[1, 59, 137, 239, 287, 307, 322, 338, 344, 351, 355, 357, 360, 363, 364, 365, 365, 368, 370, 373, 377, 377, 378, 379, 379, 381]
[1, 24, 44, 124, 197, 251, 281, 294, 310, 321, 326, 335, 336, 337, 340, 341, 342, 345, 345, 346, 346, 347, 350, 350, 352, 353]
[1, 15, 27, 65, 155, 230, 266, 291, 309, 317, 322, 324, 332, 336, 340, 342, 343, 345, 346, 347, 347, 348, 349, 350, 350, 351]
[1, 17, 30, 94, 187, 249, 283, 305, 318, 330, 336, 339, 345, 346, 347, 349, 350, 352, 354, 355, 357, 360, 364, 364, 364, 364]
[1, 1, 1, 1, 1, 1, 1, 1, 1, 1, 1, 1, 1, 1, 1, 1, 1, 1, 1, 1, 1, 1, 1, 1, 1, 1]
[1, 55, 101, 200, 288, 322, 338, 349, 356, 357, 363, 366, 370, 371, 372, 372, 373, 373, 374, 374, 376, 376, 376, 376, 377, 377]
[1, 7, 12, 41, 104, 180, 236, 274, 286, 296, 306, 312, 326, 330, 332, 338, 342, 345, 350, 353, 354, 355, 358, 358, 359, 359]
