[1, 13, 25, 52, 81, 93, 105, 108, 114, 115, 116, 116, 116, 118, 119, 119, 120, 120, 120, 120, 120, 120, 120, 120, 121, 121]
[1, 21, 57, 96, 110, 119, 125, 126, 129, 131, 133, 134, 135, 135, 135, 135, 137, 137, 137, 138, 138, 139, 139, 139, 139, 139]
[1, 3, 3, 7, 18, 44, 72, 85, 96, 102, 105, 109, 113, 113, 114, 114, 115, 116, 116, 117, 118, 118, 118, 119, 119, 121]
[1, 8, 22, 42, 73, 91, 101, 108, 109, 113, 115, 116, 118, 120, 121, 121, 121, 121, 121, 121, 122, 122, 122, 122, 123, 123]
[1, 5, 12, 36, 60, 76, 86, 100, 104, 106, 109, 113, 114, 114, 115, 118, 119, 119, 119, 119, 120, 120, 120, 120, 120, 120]
[1, 2, 2, 2, 2, 2, 2, 2, 2, 2, 2, 2, 2, 2, 2, 2, 2, 2, 2, 2, 2, 2, 2, 2, 2, 2]
[1, 7, 9, 14, 38, 62, 85, 101, 109, 111, 113, 115, 116, 117, 120, 120, 120, 121, 121, 121, 121, 121, 121, 121, 121, 121]
[1, 15, 33, 52, 78, 84, 94, 99, 111, 115, 115, 115, 117, 118, 119, 120, 121, 121, 121, 121, 121, 121, 122, 123, 123, 123]
[1, 8, 13, 29, 49, 73, 89, 97, 105, 106, 109, 112, 114, 117, 118, 118, 118, 118, 118, 118, 118, 118, 118, 118, 119, 120]
[1, 1, 1, 1, 1, 1, 1, 1, 1, 1, 1, 1, 1, 1, 1, 1, 1, 1, 1, 1, 1, 1, 1, 1, 1, 1]
[1, 15, 31, 63, 84, 99, 104, 109, 111, 114, 114, 115, 115, 115, 115, 116, 117, 118, 118, 118, 118, 119, 119, 119, 119, 120]
[1, 14, 34, 62, 87, 99, 105, 106, 110, 112, 113, 115, 116, 116, 117, 118, 118, 118, 119, 119, 119, 119, 120, 120, 120, 120]
[1, 9, 19, 48, 76, 91, 100, 108, 113, 116, 116, 119, 119, 119, 119, 120, 120, 120, 120, 121, 121, 121, 121, 121, 121, 121]
[1, 3, 4, 10, 23, 52, 78, 90, 96, 102, 105, 109, 111, 113, 113, 115, 116, 116, 116, 116, 116, 116, 116, 116, 117, 117]
[1, 10, 15, 27, 58, 85, 97, 106, 108, 112, 113, 116, 119, 119, 121, 121, 121, 122, 122, 122, 123, 123, 123, 123, 123, 123]
[1, 16, 23, 38, 65, 85, 101, 108, 114, 119, 120, 120, 121, 123, 123, 124, 124, 124, 124, 124, 124, 124, 124, 124, 124, 124]
[1, 10, 19, 38, 66, 85, 90, 97, 99, 103, 108, 111, 112, 113, 115, 115, 116, 118, 120, 120, 121, 121, 122, 123, 123, 123]
[1, 12, 32, 64, 84, 97, 104, 110, 112, 113, 114, 116, 118, 120, 120, 121, 121, 122, 122, 122, 122, 122, 122, 122, 122, 122]
[1, 15, 22, 50, 78, 94, 97, 103, 106, 110, 110, 112, 113, 114, 115, 117, 119, 119, 119, 120, 120, 120, 121, 121, 122, 122]
[1, 6, 13, 43, 78, 92, 100, 105, 105, 110, 113, 115, 118, 119, 119, 119, 120, 120, 121, 121, 122, 122, 122, 122, 122, 122]
[1, 9, 32, 58, 85, 94, 99, 107, 108, 112, 114, 115, 115, 115, 116, 117, 117, 117, 117, 118, 120, 120, 121, 121, 121, 121]
[1, 8, 15, 37, 60, 82, 95, 103, 108, 110, 115, 116, 118, 118, 119, 119, 119, 120, 120, 120, 121, 121, 121, 121, 123, 123]
[1, 8, 11, 23, 49, 76, 96, 105, 109, 112, 115, 117, 120, 120, 120, 120, 120, 121, 122, 122, 122, 122, 122, 122, 122, 122]
[1, 7, 13, 34, 58, 79, 88, 98, 106, 107, 112, 115, 116, 118, 118, 118, 118, 118, 118, 118, 118, 118, 118, 118, 118, 118]
[1, 13, 48, 78, 90, 100, 104, 107, 110, 112, 115, 116, 117, 117, 118, 120, 121, 121, 122, 122, 122, 122, 123, 123, 123, 123]
