[1, 1, 1, 1, 1, 1, 1, 1, 1, 1, 1, 1, 1, 1, 1, 1, 1, 1, 1, 1, 2, 3, 4, 9, 30, 81]
[1, 10, 45, 102, 152, 198, 231, 250, 261, 266, 269, 273, 279, 287, 288, 288, 292, 293, 296, 299, 300, 301, 301, 301, 301, 301]
[1, 3, 7, 19, 53, 113, 164, 197, 221, 233, 248, 257, 264, 271, 278, 283, 285, 286, 287, 287, 289, 291, 292, 292, 292, 292]
[1, 3, 5, 9, 22, 55, 105, 159, 198, 219, 238, 250, 261, 264, 268, 269, 275, 281, 286, 288, 290, 291, 292, 294, 294, 295]
[1, 9, 18, 37, 76, 127, 177, 203, 217, 230, 244, 253, 259, 263, 267, 268, 268, 269, 269, 271, 272, 274, 275, 277, 278, 280]
[1, 2, 8, 27, 75, 127, 182, 208, 228, 247, 260, 270, 272, 279, 283, 288, 292, 294, 295, 297, 299, 299, 301, 302, 303, 303]
[1, 9, 24, 66, 129, 171, 213, 231, 245, 261, 263, 269, 275, 280, 283, 286, 288, 290, 290, 291, 295, 297, 300, 300, 301, 302]
[1, 3, 4, 9, 28, 65, 121, 179, 218, 236, 247, 255, 262, 266, 269, 271, 275, 280, 285, 287, 287, 288, 288, 290, 290, 292]
[1, 5, 18, 41, 83, 149, 191, 220, 244, 270, 281, 292, 297, 299, 306, 308, 310, 312, 313, 313, 316, 316, 318, 319, 319, 319]
[1, 2, 6, 12, 44, 100, 154, 193, 217, 228, 236, 246, 253, 262, 264, 268, 272, 277, 281, 286, 288, 289, 292, 295, 295, 295]
[1, 1, 1, 1, 1, 1, 1, 1, 1, 1, 1, 1, 1, 1, 1, 1, 1, 1, 1, 1, 1, 2, 2, 2, 2, 4]
[1, 3, 5, 9, 16, 22, 47, 86, 143, 190, 214, 237, 247, 256, 260, 263, 267, 271, 277, 279, 280, 281, 281, 285, 288, 292]
[1, 2, 2, 3, 12, 36, 87, 140, 179, 201, 220, 230, 240, 244, 252, 260, 264, 270, 272, 274, 276, 277, 281, 284, 285, 285]
[1, 2, 2, 2, 2, 2, 3, 8, 15, 24, 57, 100, 146, 189, 212, 227, 235, 238, 246, 250, 252, 255, 257, 259, 261, 263]
[1, 1, 3, 6, 22, 53, 105, 167, 198, 222, 233, 243, 253, 257, 263, 268, 276, 280, 283, 286, 290, 292, 293, 294, 295, 298]
[1, 1, 1, 1, 1, 1, 1, 1, 1, 1, 1, 1, 1, 1, 1, 1, 1, 1, 1, 1, 1, 1, 1, 1, 1, 1]
[1, 2, 4, 12, 46, 102, 147, 192, 217, 229, 240, 247, 254, 257, 260, 263, 265, 267, 272, 275, 276, 277, 279, 280, 285, 286]
[1, 10, 21, 44, 83, 148, 190, 212, 227, 237, 248, 252, 257, 262, 270, 274, 275, 282, 285, 287, 289, 293, 297, 300, 303, 303]
[1, 5, 6, 9, 17, 43, 82, 135, 178, 217, 244, 261, 275, 283, 289, 291, 298, 299, 300, 302, 303, 303, 306, 309, 309, 310]
[1, 1, 3, 5, 11, 24, 49, 111, 174, 220, 242, 251, 258, 265, 269, 274, 278, 280, 284, 285, 287, 290, 292, 293, 294, 295]
[1, 2, 2, 3, 5, 9, 21, 62, 122, 183, 211, 229, 241, 250, 253, 258, 261, 262, 265, 267, 273, 274, 275, 276, 278, 278]
[1, 9, 17, 33, 72, 127, 183, 211, 228, 243, 250, 255, 259, 264, 265, 270, 272, 275, 277, 279, 279, 281, 282, 284, 287, 288]
[1, 1, 2, 2, 2, 2, 2, 3, 3, 6, 12, 30, 67, 140, 191, 220, 237, 255, 269, 280, 284, 294, 301, 305, 307, 307]
[1, 2, 4, 20, 56, 108, 166, 191, 216, 237, 248, 257, 265, 270, 274, 282, 287, 290, 294, 294, 295, 296, 298, 298, 300, 300]
[1, 6, 10, 29, 76, 125, 182, 208, 226, 246, 259, 268, 274, 283, 285, 287, 293, 297, 300, 301, 303, 303, 304, 305, 305, 306]
