[1, 6, 15, 28, 50, 76, 89, 96, 98, 104, 106, 108, 109, 110, 110, 111, 111, 111, 111, 112, 112, 112, 112, 113, 113, 114]
[1, 7, 18, 36, 58, 72, 85, 96, 100, 103, 106, 106, 107, 108, 111, 112, 114, 114, 114, 114, 115, 116, 116, 116, 117, 117]
[1, 1, 1, 1, 1, 1, 1, 1, 1, 1, 1, 1, 1, 1, 1, 1, 1, 1, 1, 1, 1, 1, 1, 1, 1, 1]
[1, 1, 1, 1, 1, 1, 1, 1, 1, 1, 1, 1, 1, 1, 1, 1, 1, 1, 1, 1, 1, 1, 1, 1, 1, 1]
[1, 4, 8, 17, 29, 50, 65, 74, 82, 86, 90, 95, 97, 97, 99, 99, 99, 99, 100, 100, 100, 100, 101, 102, 104, 104]
[1, 1, 1, 1, 1, 1, 1, 1, 1, 1, 1, 1, 2, 2, 2, 2, 2, 4, 11, 27, 46, 60, 70, 79, 84, 90]
[1, 1, 1, 2, 5, 6, 8, 15, 23, 41, 55, 79, 88, 100, 104, 108, 115, 116, 117, 120, 125, 128, 129, 131, 132, 134]
[1, 3, 6, 8, 15, 42, 55, 65, 75, 79, 86, 93, 96, 99, 101, 105, 106, 107, 109, 110, 111, 111, 111, 112, 112, 112]
[1, 1, 1, 1, 1, 1, 1, 1, 1, 1, 1, 1, 1, 1, 1, 1, 1, 1, 1, 1, 1, 1, 1, 1, 1, 1]
[1, 2, 3, 4, 5, 10, 18, 33, 53, 69, 83, 90, 97, 101, 109, 112, 113, 117, 119, 119, 120, 124, 124, 126, 126, 127]
[1, 4, 7, 14, 28, 38, 55, 73, 83, 88, 92, 95, 97, 105, 107, 107, 108, 108, 109, 109, 109, 109, 109, 111, 111, 111]
[1, 2, 4, 7, 11, 23, 40, 52, 69, 77, 85, 89, 95, 97, 100, 104, 104, 105, 106, 106, 106, 106, 106, 106, 106, 106]
[1, 3, 7, 16, 38, 54, 68, 74, 81, 86, 93, 96, 99, 102, 103, 103, 103, 104, 106, 106, 106, 106, 106, 106, 106, 106]
[1, 1, 1, 1, 1, 2, 7, 18, 30, 54, 78, 97, 107, 115, 123, 127, 130, 131, 133, 136, 139, 141, 141, 143, 143, 143]
[1, 2, 4, 6, 15, 26, 44, 56, 70, 83, 85, 92, 99, 99, 100, 102, 102, 103, 104, 104, 104, 106, 107, 107, 107, 108]
[1, 1, 1, 1, 2, 2, 5, 11, 24, 40, 58, 67, 77, 86, 91, 93, 98, 102, 103, 105, 106, 106, 106, 107, 108, 110]
[1, 1, 1, 2, 3, 4, 5, 7, 11, 16, 27, 45, 63, 71, 76, 86, 93, 98, 101, 101, 103, 104, 107, 107, 108, 108]
[1, 2, 2, 2, 2, 2, 2, 2, 2, 2, 2, 2, 2, 2, 2, 2, 2, 2, 2, 2, 2, 2, 2, 2, 2, 2]
[1, 1, 2, 3, 6, 11, 23, 58, 79, 86, 90, 94, 101, 102, 104, 109, 113, 114, 115, 117, 117, 118, 118, 118, 118, 118]
[1, 4, 9, 18, 32, 59, 74, 88, 97, 100, 106, 110, 112, 114, 115, 117, 120, 122, 122, 123, 123, 124, 125, 126, 129, 130]
[1, 1, 1, 1, 1, 1, 1, 1, 1, 1, 1, 1, 1, 1, 1, 1, 1, 1, 1, 2, 3, 7, 18, 46, 62, 75]
[1, 5, 12, 18, 34, 61, 75, 83, 92, 97, 98, 101, 105, 106, 107, 109, 113, 113, 115, 117, 117, 118, 119, 119, 120, 120]
[1, 3, 4, 9, 12, 19, 27, 55, 73, 87, 96, 103, 109, 109, 113, 115, 117, 118, 118, 119, 119, 119, 120, 120, 120, 120]
[1, 2, 3, 6, 14, 20, 34, 56, 67, 82, 91, 94, 98, 100, 101, 102, 104, 109, 110, 110, 111, 112, 113, 113, 114, 114]
[1, 1, 1, 1, 1, 1, 1, 1, 1, 1, 1, 1, 1, 1, 1, 1, 1, 1, 1, 1, 1, 1, 1, 1, 1, 1]
