[1, 1, 2, 3, 3, 3, 4, 4, 4, 4, 4, 5, 8, 13, 23, 34, 70, 136, 215, 258, 280, 304, 319, 329, 333, 338]
[1, 26, 52, 130, 222, 271, 295, 313, 328, 333, 340, 344, 348, 350, 352, 353, 353, 353, 356, 358, 358, 358, 362, 363, 363, 363]
[1, 4, 8, 46, 100, 172, 224, 248, 269, 278, 289, 303, 314, 320, 324, 329, 334, 337, 337, 337, 337, 338, 339, 340, 341, 342]
[1, 15, 25, 60, 129, 198, 235, 276, 288, 302, 311, 316, 324, 328, 331, 335, 338, 340, 340, 341, 342, 342, 344, 346, 347, 347]
[1, 1, 1, 1, 1, 1, 1, 1, 1, 1, 1, 1, 1, 1, 1, 1, 1, 1, 1, 1, 1, 1, 1, 1, 1, 1]
[1, 1, 1, 1, 2, 6, 10, 36, 110, 199, 249, 284, 299, 311, 326, 333, 342, 346, 349, 351, 354, 356, 357, 359, 359, 360]
[1, 1, 1, 1, 1, 1, 1, 1, 1, 2, 3, 62, 124, 206, 262, 288, 308, 326, 337, 345, 348, 351, 353, 356, 357, 358]
[1, 16, 24, 53, 126, 217, 269, 304, 319, 329, 337, 342, 344, 346, 349, 351, 353, 353, 356, 357, 357, 358, 358, 358, 358, 360]
[1, 1, 2, 24, 40, 114, 205, 257, 291, 311, 319, 329, 334, 336, 343, 345, 346, 348, 349, 353, 353, 354, 354, 354, 354, 354]
[1, 1, 1, 1, 1, 1, 2, 4, 11, 18, 31, 67, 136, 209, 264, 287, 301, 309, 317, 323, 329, 335, 341, 342, 343, 345]
[1, 26, 49, 118, 187, 230, 261, 278, 293, 309, 318, 322, 331, 337, 341, 346, 348, 350, 351, 351, 353, 353, 353, 353, 353, 353]
[1, 1, 1, 1, 2, 3, 8, 40, 82, 175, 246, 274, 289, 305, 322, 331, 335, 337, 338, 343, 345, 346, 346, 346, 346, 346]
[1, 1, 2, 6, 10, 17, 27, 53, 96, 177, 228, 264, 283, 295, 303, 309, 311, 319, 321, 325, 326, 328, 329, 329, 329, 331]
[1, 6, 6, 6, 6, 6, 7, 11, 17, 32, 84, 170, 225, 251, 263, 277, 289, 299, 308, 317, 320, 324, 331, 333, 333, 337]
[1, 1, 1, 1, 1, 1, 1, 1, 2, 6, 45, 84, 191, 241, 271, 293, 301, 307, 316, 320, 326, 330, 333, 336, 336, 336]
[1, 19, 34, 97, 186, 248, 280, 301, 311, 318, 328, 332, 337, 341, 346, 350, 353, 354, 356, 356, 356, 357, 359, 359, 359, 359]
[1, 1, 1, 1, 1, 1, 1, 1, 1, 1, 1, 1, 1, 1, 1, 1, 1, 1, 1, 1, 1, 1, 1, 1, 1, 1]
[1, 1, 1, 1, 1, 2, 5, 21, 84, 172, 248, 278, 303, 311, 318, 322, 331, 339, 343, 347, 348, 350, 350, 351, 353, 353]
[1, 1, 1, 1, 1, 3, 10, 15, 32, 93, 180, 237, 262, 283, 299, 312, 317, 323, 330, 331, 335, 340, 342, 343, 344, 344]
[1, 1, 2, 2, 3, 4, 8, 14, 19, 31, 78, 165, 232, 271, 291, 305, 317, 319, 329, 332, 334, 337, 339, 341, 344, 344]
[1, 10, 13, 36, 86, 157, 216, 260, 286, 298, 309, 317, 324, 329, 333, 338, 341, 344, 346, 348, 350, 351, 351, 353, 354, 355]
[1, 70, 131, 218, 264, 292, 315, 332, 342, 347, 353, 356, 361, 365, 368, 369, 369, 370, 370, 370, 370, 370, 371, 374, 375, 375]
[1, 1, 2, 4, 6, 29, 54, 135, 217, 264, 291, 310, 323, 334, 341, 348, 352, 354, 355, 356, 357, 357, 358, 358, 359, 360]
[1, 1, 1, 1, 1, 1, 1, 1, 1, 1, 1, 1, 1, 1, 1, 1, 1, 1, 1, 1, 1, 1, 1, 1, 1, 1]
[1, 6, 13, 47, 110, 179, 227, 254, 271, 283, 296, 306, 316, 320, 331, 334, 338, 343, 345, 347, 348, 350, 350, 351, 352, 352]
