[1, 1, 1, 2, 7, 35, 179, 442, 623, 730, 795, 823, 845, 869, 885, 893, 900, 905, 908, 914, 918, 920, 920, 922, 924, 925]
[1, 5, 11, 26, 87, 233, 462, 602, 678, 726, 771, 799, 828, 851, 869, 881, 894, 901, 905, 908, 910, 911, 913, 914, 917, 920]
[1, 28, 113, 340, 539, 649, 708, 760, 795, 813, 827, 840, 851, 861, 877, 881, 884, 888, 891, 896, 900, 900, 902, 903, 905, 906]
[1, 7, 7, 7, 7, 7, 7, 7, 7, 7, 7, 8, 13, 64, 200, 460, 604, 699, 756, 809, 828, 849, 860, 870, 880, 884]
[1, 2, 5, 33, 166, 438, 610, 686, 739, 776, 801, 822, 836, 850, 859, 871, 883, 886, 897, 898, 899, 903, 907, 908, 912, 913]
[1, 1, 3, 6, 25, 129, 371, 567, 688, 754, 800, 838, 859, 874, 889, 901, 908, 914, 917, 923, 926, 926, 929, 930, 932, 936]
[1, 12, 48, 141, 335, 564, 686, 768, 810, 844, 870, 880, 890, 899, 903, 907, 919, 925, 930, 931, 932, 933, 934, 935, 937, 937]
[1, 1, 1, 1, 1, 1, 1, 1, 1, 1, 1, 1, 1, 1, 1, 1, 1, 1, 1, 1, 1, 1, 1, 1, 1, 1]
[1, 1, 1, 1, 1, 1, 1, 1, 1, 1, 1, 1, 1, 1, 1, 1, 1, 1, 1, 1, 1, 1, 1, 1, 1, 1]
[1, 1, 1, 1, 1, 1, 1, 1, 1, 1, 1, 1, 1, 1, 1, 1, 1, 1, 1, 1, 1, 1, 1, 1, 1, 1]
[1, 10, 34, 155, 437, 618, 714, 778, 819, 849, 872, 882, 898, 905, 911, 915, 919, 921, 922, 929, 932, 937, 941, 943, 943, 943]
[1, 9, 31, 147, 398, 581, 672, 742, 785, 811, 831, 847, 865, 882, 891, 898, 905, 906, 908, 910, 913, 913, 914, 917, 918, 918]
[1, 1, 1, 1, 1, 1, 1, 1, 1, 1, 1, 1, 1, 1, 1, 1, 1, 1, 1, 1, 1, 1, 1, 1, 1, 1]
[1, 13, 57, 283, 508, 644, 727, 771, 810, 833, 854, 870, 886, 898, 906, 911, 918, 922, 925, 927, 930, 930, 934, 936, 937, 937]
[1, 5, 26, 139, 395, 570, 670, 741, 782, 809, 838, 853, 865, 879, 888, 895, 898, 905, 910, 914, 915, 917, 917, 921, 922, 923]
[1, 4, 33, 106, 360, 575, 689, 750, 798, 832, 851, 864, 876, 889, 896, 903, 906, 910, 913, 913, 914, 917, 919, 922, 924, 926]
[1, 1, 1, 1, 1, 1, 1, 1, 1, 1, 1, 1, 1, 1, 1, 1, 1, 1, 1, 1, 1, 1, 1, 1, 1, 1]
[1, 3, 13, 51, 234, 499, 647, 729, 770, 806, 839, 869, 881, 889, 902, 908, 913, 916, 921, 923, 926, 928, 930, 933, 934, 934]
[1, 3, 31, 122, 380, 581, 685, 744, 791, 811, 826, 843, 854, 865, 870, 883, 888, 897, 907, 910, 913, 915, 917, 917, 918, 918]
[1, 2, 14, 76, 254, 507, 644, 730, 774, 805, 827, 848, 858, 870, 877, 889, 895, 903, 906, 909, 913, 913, 915, 915, 915, 917]
[1, 1, 1, 1, 1, 1, 1, 1, 1, 1, 1, 1, 1, 1, 1, 1, 1, 1, 1, 1, 1, 1, 1, 1, 1, 1]
[1, 2, 5, 16, 61, 207, 465, 657, 744, 800, 839, 873, 888, 900, 903, 909, 915, 920, 926, 929, 936, 939, 944, 947, 947, 948]
[1, 21, 121, 334, 513, 637, 714, 765, 798, 816, 835, 852, 869, 878, 887, 890, 897, 899, 902, 905, 908, 910, 912, 912, 912, 914]
[1, 2, 5, 76, 271, 512, 664, 742, 797, 833, 856, 875, 889, 901, 907, 913, 920, 927, 930, 933, 933, 936, 938, 940, 942, 942]
[1, 27, 146, 362, 554, 663, 745, 780, 807, 831, 850, 860, 870, 877, 886, 893, 899, 902, 906, 906, 909, 910, 911, 912, 912, 913]
