[1, 2, 3, 4, 8, 39, 104, 196, 242, 273, 290, 307, 314, 323, 333, 341, 344, 346, 347, 350, 352, 352, 352, 352, 352, 353]
[1, 3, 9, 27, 84, 166, 215, 245, 265, 291, 300, 309, 319, 324, 333, 334, 337, 339, 342, 343, 343, 344, 345, 345, 345, 345]
[1, 3, 25, 95, 184, 239, 274, 295, 308, 322, 325, 333, 337, 341, 343, 345, 345, 347, 347, 349, 349, 351, 351, 351, 352, 353]
[1, 2, 4, 17, 50, 132, 201, 237, 271, 285, 300, 312, 322, 328, 332, 336, 340, 343, 344, 346, 346, 348, 348, 349, 350, 351]
[1, 2, 2, 2, 2, 2, 2, 2, 2, 2, 2, 2, 2, 2, 2, 2, 2, 2, 2, 2, 2, 2, 2, 2, 2, 2]
[1, 1, 1, 1, 1, 1, 1, 1, 1, 1, 1, 1, 1, 1, 1, 1, 1, 1, 1, 1, 1, 1, 1, 1, 1, 1]
[1, 3, 6, 16, 64, 141, 226, 261, 286, 303, 314, 328, 336, 338, 342, 344, 346, 348, 350, 350, 353, 355, 355, 355, 355, 355]
[1, 4, 7, 17, 76, 164, 229, 260, 285, 295, 303, 314, 325, 335, 341, 343, 346, 349, 350, 351, 353, 355, 355, 356, 357, 357]
[1, 1, 1, 1, 1, 1, 1, 1, 1, 1, 1, 1, 1, 1, 1, 1, 1, 1, 1, 1, 1, 1, 1, 1, 1, 1]
[1, 3, 11, 58, 137, 216, 269, 292, 300, 306, 315, 325, 328, 335, 339, 343, 343, 344, 346, 348, 349, 351, 353, 355, 356, 356]
[1, 4, 4, 5, 14, 39, 109, 203, 257, 278, 290, 303, 309, 312, 316, 319, 324, 327, 329, 333, 336, 341, 344, 347, 349, 351]
[1, 4, 6, 6, 7, 23, 81, 174, 238, 273, 293, 309, 322, 330, 338, 344, 345, 346, 350, 350, 351, 351, 351, 351, 353, 353]
[1, 1, 1, 1, 1, 1, 1, 1, 1, 1, 1, 1, 1, 1, 1, 1, 1, 1, 1, 1, 1, 1, 1, 1, 1, 1]
[1, 2, 6, 14, 50, 147, 209, 241, 273, 288, 299, 307, 315, 325, 330, 336, 337, 338, 340, 343, 344, 344, 345, 345, 345, 345]
[1, 2, 6, 11, 53, 146, 224, 261, 283, 306, 319, 328, 339, 345, 349, 350, 351, 352, 354, 355, 356, 357, 357, 358, 359, 359]
[1, 1, 4, 8, 26, 62, 152, 221, 263, 290, 309, 316, 322, 329, 334, 339, 342, 343, 343, 343, 345, 345, 347, 347, 347, 349]
[1, 2, 7, 10, 50, 140, 217, 270, 292, 305, 315, 326, 329, 333, 339, 341, 342, 343, 343, 344, 345, 346, 347, 347, 347, 349]
[1, 1, 1, 1, 1, 1, 1, 1, 1, 1, 1, 1, 1, 1, 1, 1, 1, 1, 1, 1, 1, 1, 1, 1, 1, 1]
[1, 1, 1, 1, 1, 1, 1, 1, 1, 1, 1, 1, 1, 1, 1, 1, 1, 1, 1, 1, 1, 1, 1, 1, 1, 1]
[1, 1, 2, 12, 40, 128, 198, 250, 279, 296, 311, 320, 326, 332, 336, 338, 339, 341, 344, 344, 344, 344, 344, 344, 344, 345]
[1, 3, 6, 20, 67, 171, 238, 267, 281, 292, 296, 300, 306, 307, 311, 316, 325, 328, 330, 330, 331, 332, 333, 335, 337, 337]
[1, 1, 1, 1, 1, 1, 1, 1, 1, 1, 1, 1, 1, 1, 1, 1, 1, 1, 1, 1, 1, 1, 1, 1, 1, 1]
[1, 1, 1, 1, 1, 1, 1, 1, 1, 1, 1, 1, 1, 1, 1, 1, 1, 1, 1, 1, 1, 1, 1, 1, 1, 1]
[1, 15, 43, 131, 218, 262, 285, 301, 323, 330, 339, 343, 346, 348, 350, 352, 352, 353, 354, 354, 355, 357, 358, 358, 358, 358]
[1, 3, 29, 81, 167, 225, 256, 279, 291, 298, 304, 310, 316, 323, 329, 333, 338, 340, 340, 341, 342, 342, 342, 343, 343, 343]
