[1, 2, 6, 20, 97, 326, 554, 679, 765, 819, 855, 878, 888, 903, 916, 929, 942, 944, 947, 949, 949, 953, 955, 959, 959, 961]
[1, 7, 17, 47, 169, 403, 599, 696, 756, 802, 836, 863, 878, 889, 898, 904, 910, 916, 922, 925, 927, 929, 930, 931, 932, 934]
[1, 16, 112, 274, 502, 653, 725, 776, 805, 829, 847, 862, 868, 870, 874, 879, 882, 888, 896, 902, 905, 906, 910, 912, 916, 916]
[1, 6, 20, 133, 381, 616, 730, 798, 840, 867, 885, 895, 905, 911, 920, 927, 932, 936, 939, 943, 946, 947, 953, 957, 959, 963]
[1, 1, 5, 37, 133, 393, 576, 688, 739, 779, 807, 826, 844, 854, 868, 882, 887, 895, 897, 899, 902, 907, 910, 916, 918, 919]
[1, 1, 1, 1, 1, 1, 1, 1, 1, 1, 1, 1, 1, 1, 1, 1, 1, 1, 1, 1, 1, 1, 1, 1, 1, 1]
[1, 20, 59, 208, 466, 659, 729, 795, 822, 847, 859, 872, 887, 893, 902, 908, 915, 918, 918, 923, 926, 929, 932, 934, 935, 936]
[1, 9, 92, 350, 579, 714, 786, 831, 860, 888, 900, 916, 926, 934, 942, 948, 952, 952, 955, 957, 959, 961, 963, 966, 967, 969]
[1, 9, 48, 211, 489, 673, 780, 830, 870, 894, 917, 933, 948, 956, 963, 967, 973, 976, 980, 981, 983, 984, 985, 988, 989, 992]
[1, 1, 1, 1, 1, 1, 1, 1, 1, 1, 1, 1, 1, 1, 1, 1, 1, 1, 1, 1, 1, 1, 1, 1, 1, 1]
[1, 1, 1, 1, 1, 1, 1, 1, 1, 1, 1, 1, 1, 1, 1, 1, 1, 1, 1, 1, 1, 1, 1, 1, 1, 1]
[1, 1, 2, 9, 59, 241, 510, 660, 749, 797, 833, 852, 879, 895, 904, 912, 915, 920, 927, 932, 937, 941, 945, 947, 949, 951]
[1, 3, 50, 263, 526, 678, 756, 809, 840, 866, 879, 892, 906, 916, 929, 932, 938, 942, 946, 949, 951, 958, 961, 963, 965, 966]
[1, 2, 30, 135, 391, 586, 699, 750, 792, 817, 848, 872, 889, 904, 916, 921, 927, 931, 933, 935, 937, 940, 940, 941, 948, 948]
[1, 4, 72, 200, 413, 609, 701, 764, 818, 850, 865, 882, 896, 905, 915, 921, 928, 932, 936, 938, 939, 942, 943, 945, 947, 948]
[1, 1, 1, 1, 1, 1, 1, 1, 1, 1, 1, 1, 1, 1, 1, 1, 1, 1, 1, 1, 1, 1, 1, 1, 1, 1]
[1, 16, 69, 245, 508, 657, 728, 781, 815, 847, 861, 877, 892, 899, 909, 916, 918, 926, 927, 928, 933, 933, 936, 937, 939, 941]
[1, 5, 21, 72, 236, 493, 632, 701, 760, 798, 819, 838, 852, 864, 878, 887, 892, 898, 904, 907, 910, 913, 913, 913, 915, 916]
[1, 6, 41, 162, 358, 591, 716, 770, 799, 835, 858, 874, 888, 906, 917, 924, 929, 936, 941, 944, 947, 949, 950, 953, 955, 957]
[1, 1, 1, 1, 1, 1, 1, 1, 1, 1, 1, 1, 1, 1, 1, 1, 1, 1, 1, 1, 1, 1, 1, 1, 1, 1]
[1, 1, 1, 1, 1, 1, 1, 2, 6, 14, 68, 266, 493, 646, 734, 781, 801, 828, 845, 859, 868, 874, 883, 890, 893, 895]
[1, 10, 74, 233, 513, 660, 746, 800, 831, 855, 874, 894, 901, 912, 921, 928, 928, 932, 937, 939, 943, 943, 943, 946, 947, 950]
[1, 1, 1, 1, 1, 1, 1, 1, 1, 1, 1, 1, 1, 1, 1, 1, 1, 1, 1, 1, 1, 1, 1, 1, 1, 1]
[1, 14, 85, 331, 607, 774, 835, 872, 907, 926, 937, 953, 966, 971, 977, 982, 987, 990, 992, 996, 996, 997, 997, 999, 999, 1000]
[1, 1, 1, 2, 8, 54, 280, 510, 656, 748, 798, 838, 869, 900, 905, 915, 918, 930, 938, 943, 948, 952, 955, 960, 963, 964]
