[1, 8, 28, 144, 398, 612, 750, 822, 878, 908, 935, 950, 967, 978, 987, 995, 999, 1011, 1014, 1024, 1027, 1030, 1031, 1032, 1034, 1036]
[1, 2, 2, 2, 3, 12, 59, 255, 542, 711, 810, 873, 918, 951, 969, 987, 1006, 1012, 1022, 1031, 1034, 1039, 1042, 1048, 1052, 1053]
[1, 1, 1, 1, 1, 1, 1, 1, 1, 1, 1, 1, 1, 1, 1, 1, 1, 1, 1, 1, 1, 1, 1, 1, 1, 1]
[1, 1, 1, 1, 1, 1, 1, 1, 2, 11, 54, 289, 560, 738, 828, 867, 902, 927, 947, 966, 977, 992, 1002, 1015, 1018, 1024]
[1, 1, 1, 1, 2, 3, 13, 72, 239, 510, 706, 798, 848, 889, 917, 935, 955, 965, 978, 986, 989, 998, 1005, 1010, 1013, 1017]
[1, 3, 15, 94, 345, 609, 751, 841, 882, 912, 935, 955, 971, 988, 995, 1002, 1010, 1013, 1016, 1016, 1019, 1021, 1022, 1028, 1029, 1031]
[1, 4, 5, 7, 36, 185, 466, 660, 786, 845, 886, 916, 934, 947, 960, 971, 979, 990, 994, 1000, 1005, 1008, 1009, 1012, 1014, 1023]
[1, 5, 12, 56, 223, 489, 689, 818, 880, 916, 939, 951, 968, 984, 995, 1005, 1014, 1019, 1024, 1028, 1032, 1037, 1042, 1047, 1047, 1049]
[1, 5, 41, 145, 422, 667, 785, 867, 907, 933, 958, 974, 985, 996, 1004, 1010, 1016, 1021, 1023, 1025, 1028, 1029, 1030, 1033, 1034, 1036]
[1, 1, 1, 1, 1, 1, 1, 1, 1, 1, 1, 2, 17, 112, 350, 635, 757, 835, 873, 898, 922, 946, 959, 971, 982, 988]
[1, 3, 5, 23, 116, 378, 629, 767, 857, 881, 912, 935, 956, 970, 979, 988, 996, 1000, 1007, 1010, 1013, 1016, 1017, 1020, 1021, 1022]
[1, 1, 1, 1, 1, 1, 1, 1, 1, 1, 1, 1, 1, 1, 1, 1, 1, 1, 1, 1, 1, 1, 1, 1, 1, 1]
[1, 8, 41, 163, 421, 663, 791, 851, 898, 938, 957, 977, 989, 997, 1002, 1008, 1016, 1018, 1021, 1027, 1030, 1031, 1031, 1033, 1036, 1038]
[1, 3, 4, 6, 14, 72, 226, 519, 714, 823, 886, 934, 961, 977, 995, 1005, 1013, 1023, 1030, 1032, 1035, 1037, 1039, 1042, 1046, 1049]
[1, 2, 8, 52, 218, 480, 673, 783, 854, 888, 918, 937, 954, 968, 975, 986, 992, 997, 1003, 1005, 1009, 1009, 1011, 1014, 1016, 1017]
[1, 3, 34, 172, 439, 688, 820, 885, 930, 953, 971, 984, 992, 1005, 1015, 1022, 1028, 1031, 1033, 1037, 1038, 1042, 1044, 1045, 1045, 1045]
[1, 5, 8, 23, 156, 460, 676, 796, 860, 907, 940, 963, 986, 996, 1008, 1018, 1027, 1029, 1031, 1033, 1035, 1036, 1037, 1042, 1044, 1047]
[1, 2, 4, 16, 116, 340, 614, 770, 847, 895, 918, 952, 974, 984, 995, 1003, 1010, 1011, 1014, 1025, 1029, 1032, 1034, 1036, 1038, 1040]
[1, 2, 6, 46, 212, 507, 706, 800, 861, 904, 940, 961, 977, 994, 1005, 1016, 1021, 1027, 1032, 1035, 1039, 1042, 1044, 1045, 1046, 1048]
[1, 1, 1, 1, 1, 1, 1, 1, 1, 1, 1, 1, 1, 1, 1, 1, 1, 1, 1, 1, 1, 1, 1, 1, 1, 1]
[1, 5, 5, 5, 5, 5, 5, 5, 5, 5, 5, 5, 5, 5, 5, 5, 5, 5, 5, 5, 5, 5, 5, 5, 5, 5]
[1, 1, 2, 2, 2, 2, 2, 2, 2, 2, 2, 2, 2, 3, 22, 92, 284, 538, 707, 803, 870, 900, 920, 943, 962, 974]
[1, 6, 19, 95, 356, 602, 758, 840, 899, 939, 965, 979, 994, 1001, 1012, 1022, 1030, 1036, 1045, 1050, 1052, 1052, 1053, 1056, 1058, 1061]
[1, 1, 1, 1, 1, 1, 1, 1, 1, 1, 1, 1, 1, 1, 1, 1, 1, 1, 1, 1, 1, 1, 1, 1, 1, 1]
[1, 1, 1, 1, 1, 1, 1, 1, 1, 1, 1, 1, 1, 1, 1, 1, 1, 1, 1, 1, 1, 1, 1, 1, 1, 1]
