[1, 20, 39, 64, 98, 137, 157, 173, 187, 195, 199, 203, 205, 207, 210, 215, 215, 215, 215, 215, 216, 216, 217, 217, 219, 219]
[1, 1, 1, 1, 1, 1, 1, 1, 1, 2, 6, 12, 23, 48, 83, 115, 141, 161, 170, 178, 185, 189, 191, 193, 195, 197]
[1, 3, 13, 23, 36, 70, 108, 141, 167, 181, 193, 198, 202, 206, 207, 210, 210, 214, 214, 216, 216, 218, 219, 219, 219, 221]
[1, 4, 9, 21, 40, 74, 117, 141, 157, 170, 176, 187, 193, 198, 201, 203, 206, 207, 208, 210, 211, 212, 212, 212, 212, 213]
[1, 1, 1, 1, 1, 1, 1, 1, 1, 1, 1, 1, 2, 5, 8, 16, 79, 121, 153, 178, 195, 202, 209, 214, 217, 219]
[1, 1, 1, 1, 1, 1, 1, 1, 1, 1, 1, 1, 1, 1, 1, 1, 1, 1, 1, 1, 1, 1, 1, 1, 1, 1]
[1, 1, 1, 1, 1, 1, 1, 1, 1, 1, 1, 1, 1, 1, 1, 1, 1, 1, 1, 1, 1, 1, 1, 1, 1, 1]
[1, 1, 1, 1, 1, 1, 1, 1, 1, 1, 1, 1, 1, 1, 1, 1, 1, 1, 1, 1, 1, 1, 1, 1, 1, 1]
[1, 1, 1, 1, 1, 1, 1, 1, 1, 1, 1, 1, 1, 1, 1, 1, 1, 1, 1, 1, 1, 1, 1, 1, 1, 1]
[1, 1, 1, 1, 1, 1, 1, 1, 1, 1, 1, 1, 1, 1, 1, 1, 1, 1, 1, 1, 1, 1, 1, 1, 1, 1]
[1, 1, 1, 1, 1, 1, 1, 1, 1, 1, 1, 1, 1, 1, 1, 1, 1, 1, 1, 1, 1, 1, 1, 1, 1, 1]
[1, 1, 1, 2, 3, 9, 21, 34, 55, 99, 128, 147, 157, 171, 175, 181, 184, 186, 190, 190, 196, 198, 201, 204, 204, 205]
[1, 1, 1, 1, 1, 1, 1, 1, 1, 1, 1, 1, 1, 1, 1, 1, 1, 1, 1, 1, 1, 1, 1, 1, 1, 1]
[1, 1, 1, 1, 1, 1, 1, 1, 1, 1, 1, 1, 1, 1, 1, 1, 1, 1, 1, 1, 1, 1, 1, 1, 1, 1]
[1, 1, 1, 1, 1, 1, 1, 1, 1, 1, 1, 1, 1, 1, 1, 1, 1, 1, 1, 1, 1, 1, 1, 1, 1, 1]
[1, 3, 4, 6, 12, 33, 67, 132, 161, 176, 187, 201, 208, 211, 216, 217, 218, 222, 223, 225, 227, 227, 228, 229, 229, 229]
[1, 2, 6, 17, 41, 66, 108, 133, 151, 167, 173, 186, 187, 192, 195, 196, 198, 200, 201, 203, 204, 205, 205, 206, 207, 209]
[1, 1, 1, 1, 1, 1, 1, 1, 1, 1, 1, 1, 1, 1, 1, 1, 1, 1, 1, 1, 1, 1, 1, 1, 1, 1]
[1, 1, 1, 1, 1, 1, 1, 1, 1, 1, 1, 1, 1, 1, 1, 1, 1, 1, 1, 1, 1, 1, 1, 1, 1, 1]
[1, 1, 1, 1, 1, 1, 1, 1, 1, 1, 1, 1, 1, 1, 1, 1, 1, 1, 1, 1, 1, 1, 1, 1, 1, 1]
[1, 1, 1, 1, 1, 1, 1, 1, 1, 1, 1, 1, 1, 1, 1, 1, 1, 1, 1, 1, 1, 1, 1, 1, 1, 1]
[1, 1, 1, 1, 1, 1, 1, 1, 1, 1, 1, 1, 1, 1, 1, 1, 1, 1, 1, 1, 1, 1, 1, 1, 1, 1]
[1, 1, 1, 1, 1, 1, 1, 1, 1, 1, 1, 1, 1, 1, 1, 1, 1, 1, 1, 1, 1, 1, 1, 1, 1, 1]
[1, 1, 1, 1, 1, 1, 1, 1, 1, 1, 1, 1, 1, 1, 1, 1, 1, 1, 1, 1, 1, 1, 1, 1, 1, 1]
[1, 3, 4, 7, 17, 41, 80, 116, 146, 162, 167, 177, 180, 185, 189, 192, 196, 199, 200, 201, 201, 203, 206, 207, 207, 208]
