[1, 28, 49, 78, 99, 108, 114, 119, 124, 125, 127, 132, 133, 135, 136, 137, 137, 137, 137, 137, 137, 137, 137, 137, 137, 137]
[1, 39, 83, 119, 144, 155, 165, 175, 182, 188, 191, 193, 194, 195, 195, 195, 195, 195, 195, 195, 195, 195, 195, 195, 195, 195]
[1, 32, 49, 75, 96, 103, 114, 119, 122, 127, 128, 128, 128, 130, 131, 132, 132, 132, 132, 134, 135, 135, 135, 135, 135, 135]
[1, 37, 82, 127, 145, 164, 177, 181, 184, 185, 189, 192, 193, 194, 195, 196, 196, 196, 197, 197, 197, 197, 198, 198, 198, 198]
[1, 35, 57, 78, 96, 107, 115, 118, 122, 125, 125, 126, 127, 128, 128, 128, 130, 130, 130, 130, 130, 130, 130, 130, 130, 130]
[1, 40, 89, 128, 146, 160, 171, 177, 184, 185, 188, 191, 191, 193, 195, 196, 197, 197, 197, 197, 198, 198, 198, 198, 198, 198]
[1, 47, 95, 122, 127, 134, 138, 140, 145, 149, 149, 151, 153, 153, 153, 153, 153, 154, 154, 154, 154, 154, 154, 154, 154, 154]
[1, 36, 52, 80, 103, 113, 118, 123, 126, 127, 131, 131, 132, 134, 134, 135, 135, 136, 136, 136, 137, 138, 138, 138, 139, 139]
[1, 17, 23, 41, 58, 79, 92, 98, 108, 115, 117, 119, 121, 123, 123, 124, 125, 127, 127, 127, 128, 128, 128, 128, 128, 128]
[1, 31, 40, 55, 79, 99, 114, 119, 125, 131, 134, 134, 134, 135, 135, 135, 136, 136, 137, 138, 138, 138, 138, 138, 139, 140]
[1, 46, 92, 125, 147, 157, 164, 171, 171, 172, 172, 175, 175, 176, 176, 176, 176, 177, 177, 177, 177, 177, 177, 177, 177, 177]
[1, 33, 77, 119, 128, 132, 140, 148, 151, 153, 157, 158, 159, 159, 159, 159, 159, 159, 159, 159, 159, 159, 159, 160, 160, 160]
[1, 12, 19, 32, 51, 61, 71, 86, 97, 104, 108, 113, 117, 118, 121, 123, 126, 126, 126, 129, 130, 130, 131, 132, 132, 132]
[1, 42, 83, 128, 148, 161, 166, 169, 178, 183, 186, 187, 192, 192, 194, 194, 195, 197, 197, 197, 197, 197, 197, 197, 197, 197]
[1, 31, 78, 115, 128, 141, 146, 153, 154, 156, 156, 156, 156, 156, 157, 157, 158, 158, 158, 158, 158, 158, 158, 158, 158, 158]
[1, 33, 73, 114, 138, 159, 167, 179, 184, 186, 188, 192, 192, 194, 195, 196, 196, 197, 197, 197, 197, 197, 197, 197, 197, 197]
[1, 29, 63, 86, 108, 118, 124, 130, 135, 138, 141, 143, 143, 143, 143, 143, 143, 143, 143, 144, 144, 144, 144, 145, 146, 147]
[1, 29, 80, 133, 160, 173, 177, 184, 187, 189, 191, 191, 193, 194, 195, 195, 195, 196, 198, 198, 198, 198, 198, 198, 198, 198]
[1, 36, 57, 79, 94, 107, 114, 119, 121, 124, 128, 130, 130, 133, 134, 135, 136, 138, 139, 139, 139, 140, 140, 140, 140, 140]
[1, 4, 7, 17, 40, 59, 76, 92, 96, 103, 106, 111, 112, 115, 117, 122, 123, 124, 125, 125, 125, 126, 127, 127, 128, 128]
[1, 25, 60, 104, 136, 147, 157, 167, 172, 177, 179, 184, 187, 190, 191, 192, 193, 194, 194, 197, 197, 197, 197, 198, 198, 198]
[1, 36, 88, 123, 144, 162, 175, 181, 183, 183, 183, 183, 183, 183, 185, 185, 185, 185, 185, 185, 185, 185, 185, 185, 185, 185]
[1, 27, 74, 115, 137, 155, 166, 173, 177, 178, 178, 178, 178, 178, 179, 179, 179, 179, 179, 179, 179, 179, 179, 179, 179, 179]
[1, 36, 59, 84, 98, 104, 110, 112, 116, 121, 124, 126, 126, 127, 129, 130, 130, 131, 131, 131, 131, 132, 132, 132, 132, 133]
[1, 2, 2, 3, 3, 3, 4, 6, 17, 39, 66, 80, 89, 103, 103, 108, 111, 113, 117, 117, 119, 121, 122, 122, 122, 122]
