[1, 7, 7, 9, 24, 49, 84, 131, 170, 212, 236, 253, 275, 280, 289, 295, 299, 304, 309, 317, 321, 324, 325, 327, 327, 329]
[1, 20, 25, 44, 81, 122, 174, 208, 236, 253, 270, 282, 292, 300, 309, 314, 323, 326, 329, 332, 337, 337, 343, 344, 346, 348]
[1, 3, 3, 3, 3, 3, 3, 3, 3, 3, 3, 3, 3, 3, 3, 3, 3, 3, 3, 3, 3, 3, 3, 3, 3, 3]
[1, 13, 22, 50, 99, 141, 192, 227, 252, 274, 285, 300, 309, 315, 326, 334, 340, 343, 345, 347, 350, 350, 352, 353, 354, 354]
[1, 44, 50, 78, 123, 162, 201, 235, 263, 278, 299, 305, 310, 317, 328, 333, 334, 340, 342, 347, 349, 353, 354, 354, 354, 354]
[1, 9, 16, 36, 64, 113, 154, 188, 220, 249, 273, 291, 305, 311, 322, 325, 330, 334, 339, 342, 343, 345, 346, 347, 349, 351]
[1, 3, 12, 24, 53, 110, 159, 198, 231, 252, 267, 285, 293, 302, 305, 315, 323, 325, 330, 335, 337, 340, 340, 341, 342, 344]
[1, 11, 19, 44, 86, 139, 177, 203, 233, 255, 267, 279, 286, 296, 305, 313, 316, 319, 322, 322, 326, 327, 331, 334, 334, 336]
[1, 11, 16, 37, 86, 137, 180, 213, 242, 265, 276, 288, 302, 311, 317, 322, 328, 332, 333, 338, 340, 342, 342, 346, 351, 352]
[1, 49, 70, 116, 170, 220, 255, 277, 292, 299, 318, 328, 334, 337, 342, 344, 349, 351, 354, 355, 357, 360, 362, 364, 367, 367]
[1, 7, 8, 11, 17, 23, 47, 99, 147, 186, 214, 243, 270, 282, 297, 303, 308, 311, 322, 322, 327, 329, 331, 331, 333, 333]
[1, 2, 3, 4, 4, 6, 6, 10, 25, 59, 111, 156, 191, 217, 235, 254, 263, 273, 283, 290, 293, 301, 307, 310, 311, 314]
[1, 29, 49, 90, 145, 189, 223, 246, 263, 281, 290, 302, 314, 324, 334, 339, 345, 350, 351, 356, 359, 359, 361, 362, 366, 367]
[1, 36, 51, 80, 126, 168, 209, 240, 266, 287, 301, 309, 318, 328, 337, 343, 348, 350, 353, 353, 354, 358, 360, 362, 363, 366]
[1, 14, 18, 34, 67, 113, 164, 203, 224, 237, 254, 269, 283, 301, 307, 314, 322, 325, 330, 335, 339, 341, 341, 341, 343, 344]
[1, 25, 31, 47, 79, 118, 153, 204, 230, 256, 277, 292, 303, 315, 322, 328, 332, 336, 338, 339, 343, 343, 345, 348, 351, 351]
[1, 26, 28, 41, 72, 119, 172, 203, 233, 252, 272, 282, 297, 308, 314, 320, 323, 327, 329, 331, 335, 336, 337, 340, 344, 346]
[1, 14, 21, 40, 83, 140, 186, 219, 240, 259, 276, 288, 295, 304, 314, 317, 320, 326, 331, 335, 337, 338, 339, 340, 341, 343]
[1, 7, 8, 21, 45, 84, 135, 177, 213, 231, 247, 266, 278, 285, 289, 297, 302, 307, 310, 316, 317, 320, 321, 323, 324, 325]
[1, 10, 31, 65, 120, 175, 213, 232, 256, 276, 294, 303, 309, 316, 322, 329, 335, 337, 339, 340, 343, 346, 349, 349, 353, 354]
[1, 8, 9, 22, 50, 100, 145, 193, 235, 260, 277, 288, 295, 301, 313, 317, 326, 330, 336, 337, 338, 340, 341, 341, 344, 345]
[1, 19, 21, 32, 60, 98, 140, 194, 226, 253, 272, 284, 298, 305, 318, 325, 333, 335, 340, 342, 345, 348, 351, 353, 355, 356]
[1, 39, 63, 110, 158, 205, 239, 269, 288, 307, 311, 314, 322, 326, 330, 334, 337, 340, 342, 344, 346, 348, 351, 352, 353, 356]
[1, 46, 57, 92, 131, 180, 222, 249, 262, 275, 287, 302, 313, 323, 333, 334, 339, 343, 345, 352, 356, 358, 361, 362, 364, 366]
[1, 3, 9, 27, 73, 120, 166, 192, 219, 247, 267, 284, 289, 301, 308, 317, 319, 326, 330, 335, 337, 339, 340, 340, 341, 343]
