[1, 32, 45, 68, 111, 165, 206, 237, 260, 279, 294, 303, 309, 320, 327, 332, 335, 337, 339, 339, 341, 344, 345, 347, 347, 350]
[1, 50, 87, 133, 193, 233, 259, 284, 298, 309, 321, 330, 336, 341, 345, 346, 347, 348, 348, 351, 352, 353, 354, 355, 356, 356]
[1, 108, 155, 219, 257, 290, 312, 331, 346, 356, 363, 371, 373, 379, 381, 386, 388, 391, 392, 393, 393, 395, 395, 396, 396, 397]
[1, 20, 27, 32, 59, 89, 131, 166, 200, 222, 236, 253, 263, 270, 281, 284, 287, 293, 297, 302, 308, 309, 311, 313, 317, 319]
[1, 10, 12, 25, 53, 97, 150, 189, 222, 238, 258, 273, 279, 295, 303, 306, 311, 314, 317, 317, 319, 321, 324, 327, 327, 327]
[1, 5, 5, 6, 15, 37, 84, 132, 170, 211, 235, 262, 273, 289, 302, 307, 312, 318, 321, 323, 324, 331, 333, 334, 335, 337]
[1, 34, 49, 79, 121, 166, 201, 231, 252, 270, 285, 297, 307, 314, 320, 323, 331, 334, 337, 341, 344, 345, 347, 349, 349, 349]
[1, 2, 3, 4, 4, 6, 17, 54, 105, 149, 185, 217, 238, 254, 269, 281, 289, 301, 305, 309, 311, 312, 314, 316, 318, 322]
[1, 6, 14, 35, 84, 147, 201, 233, 265, 285, 301, 313, 320, 326, 333, 339, 343, 346, 348, 351, 351, 353, 354, 356, 359, 360]
[1, 33, 51, 96, 159, 200, 239, 264, 280, 295, 302, 310, 316, 322, 328, 332, 336, 340, 343, 346, 346, 347, 350, 352, 355, 355]
[1, 4, 4, 4, 4, 4, 5, 8, 26, 82, 143, 178, 215, 243, 259, 276, 288, 294, 303, 307, 311, 315, 319, 321, 326, 330]
[1, 1, 1, 1, 1, 1, 1, 1, 1, 1, 1, 1, 1, 1, 1, 1, 1, 1, 1, 1, 1, 1, 1, 1, 1, 1]
[1, 23, 38, 81, 136, 187, 229, 251, 273, 286, 297, 305, 313, 317, 322, 324, 327, 329, 333, 334, 337, 340, 343, 343, 343, 343]
[1, 39, 51, 77, 122, 187, 227, 258, 279, 299, 313, 319, 328, 333, 341, 346, 348, 350, 353, 355, 355, 358, 360, 360, 361, 363]
[1, 8, 12, 21, 48, 103, 169, 215, 243, 263, 278, 296, 308, 313, 318, 323, 329, 330, 332, 335, 338, 338, 338, 340, 342, 342]
[1, 28, 32, 50, 103, 149, 193, 228, 249, 266, 285, 300, 311, 316, 318, 324, 329, 330, 336, 340, 340, 341, 342, 343, 343, 343]
[1, 78, 112, 165, 228, 255, 285, 295, 314, 325, 335, 346, 351, 355, 360, 361, 363, 366, 370, 371, 372, 374, 374, 374, 375, 375]
[1, 34, 49, 73, 132, 184, 221, 249, 269, 283, 296, 306, 313, 319, 325, 327, 334, 339, 342, 342, 343, 345, 345, 347, 349, 349]
[1, 25, 44, 108, 155, 204, 243, 268, 285, 306, 318, 328, 333, 338, 343, 345, 347, 350, 352, 355, 355, 357, 358, 358, 358, 359]
[1, 78, 111, 166, 223, 262, 293, 318, 333, 340, 347, 350, 356, 362, 366, 367, 370, 371, 372, 372, 372, 372, 373, 374, 375, 375]
[1, 43, 70, 118, 165, 208, 244, 255, 275, 285, 297, 304, 316, 324, 327, 334, 343, 344, 346, 350, 352, 352, 353, 353, 354, 355]
[1, 36, 48, 89, 152, 207, 243, 267, 288, 306, 310, 317, 329, 335, 340, 345, 349, 352, 353, 354, 356, 360, 361, 361, 363, 363]
[1, 26, 39, 86, 157, 206, 246, 267, 284, 297, 311, 318, 328, 330, 336, 340, 345, 345, 348, 349, 349, 349, 351, 351, 352, 352]
[1, 10, 20, 44, 78, 140, 185, 215, 250, 267, 279, 290, 297, 304, 310, 317, 321, 324, 328, 330, 332, 332, 334, 334, 334, 335]
[1, 58, 89, 128, 181, 215, 245, 275, 289, 298, 316, 325, 332, 337, 343, 346, 350, 351, 355, 356, 357, 358, 359, 359, 359, 360]
