[1, 7, 24, 42, 56, 71, 88, 103, 111, 117, 121, 123, 126, 127, 130, 130, 131, 131, 131, 132, 132, 132, 132, 134, 135, 135]
[1, 11, 16, 30, 49, 81, 94, 104, 113, 117, 124, 125, 126, 127, 130, 130, 134, 136, 137, 137, 137, 137, 137, 137, 137, 137]
[1, 4, 6, 9, 14, 32, 50, 62, 74, 88, 96, 102, 105, 111, 113, 115, 117, 118, 120, 122, 123, 124, 124, 124, 124, 124]
[1, 2, 4, 7, 17, 50, 79, 103, 117, 120, 126, 129, 130, 130, 132, 134, 134, 135, 137, 138, 139, 140, 140, 143, 143, 145]
[1, 3, 10, 22, 43, 65, 75, 85, 90, 96, 101, 108, 113, 119, 121, 124, 126, 127, 129, 131, 131, 131, 132, 132, 132, 132]
[1, 1, 2, 2, 2, 5, 15, 19, 30, 47, 61, 75, 87, 89, 94, 97, 99, 104, 106, 107, 108, 110, 110, 111, 112, 114]
[1, 1, 1, 2, 11, 18, 33, 51, 60, 71, 85, 92, 97, 103, 109, 112, 117, 118, 120, 124, 125, 125, 127, 127, 128, 129]
[1, 17, 33, 51, 72, 84, 93, 104, 114, 120, 122, 125, 127, 132, 132, 133, 134, 135, 136, 136, 136, 136, 137, 137, 139, 140]
[1, 1, 1, 1, 1, 1, 1, 1, 1, 1, 1, 1, 1, 1, 1, 1, 1, 1, 1, 1, 1, 1, 1, 1, 1, 1]
[1, 14, 32, 52, 77, 89, 98, 105, 112, 117, 118, 121, 125, 126, 128, 131, 132, 133, 137, 139, 141, 141, 142, 142, 142, 142]
[1, 1, 1, 3, 4, 4, 4, 5, 5, 8, 23, 36, 57, 75, 83, 87, 97, 101, 107, 114, 115, 118, 118, 123, 124, 128]
[1, 4, 6, 10, 19, 37, 46, 58, 68, 79, 85, 91, 95, 100, 104, 109, 111, 111, 112, 112, 113, 113, 113, 114, 114, 115]
[1, 16, 41, 67, 82, 94, 101, 107, 110, 112, 115, 117, 119, 120, 121, 124, 124, 126, 126, 128, 128, 128, 131, 131, 132, 134]
[1, 4, 11, 21, 36, 62, 81, 98, 111, 119, 120, 123, 125, 128, 134, 138, 139, 141, 142, 142, 142, 143, 143, 143, 144, 145]
[1, 4, 7, 22, 40, 51, 62, 72, 78, 84, 90, 93, 95, 98, 100, 100, 103, 106, 106, 107, 109, 112, 118, 120, 121, 122]
[1, 1, 1, 1, 1, 2, 2, 2, 2, 3, 19, 34, 59, 74, 89, 96, 102, 109, 115, 120, 123, 127, 128, 128, 130, 131]
[1, 1, 2, 23, 45, 79, 94, 108, 113, 119, 127, 132, 135, 141, 141, 142, 145, 146, 147, 148, 150, 151, 151, 151, 151, 151]
[1, 2, 14, 24, 38, 51, 72, 78, 85, 92, 97, 100, 105, 108, 109, 111, 112, 115, 117, 118, 118, 118, 118, 120, 122, 124]
[1, 9, 29, 49, 81, 102, 115, 122, 128, 129, 133, 134, 136, 136, 138, 139, 141, 143, 143, 144, 144, 144, 145, 145, 145, 145]
[1, 2, 13, 41, 64, 80, 90, 96, 106, 111, 115, 115, 117, 121, 127, 128, 129, 130, 132, 134, 136, 137, 140, 140, 140, 140]
[1, 2, 4, 6, 14, 36, 55, 79, 99, 108, 117, 121, 127, 127, 131, 134, 134, 136, 138, 138, 139, 139, 139, 140, 140, 140]
[1, 9, 36, 64, 82, 96, 106, 113, 119, 123, 127, 127, 130, 132, 132, 132, 134, 135, 135, 135, 135, 135, 135, 135, 135, 135]
[1, 1, 1, 1, 1, 1, 1, 1, 1, 1, 1, 1, 1, 1, 1, 1, 1, 1, 1, 1, 1, 1, 1, 1, 1, 1]
[1, 1, 1, 2, 21, 40, 59, 89, 100, 106, 113, 120, 126, 127, 128, 128, 132, 135, 136, 138, 138, 139, 139, 139, 139, 139]
[1, 1, 1, 2, 4, 6, 19, 37, 56, 74, 83, 89, 98, 104, 105, 108, 111, 111, 114, 116, 116, 118, 120, 121, 123, 124]
