[1, 1, 1, 1, 1, 1, 1, 1, 1, 1, 1, 1, 1, 1, 1, 1, 1, 1, 1, 1, 1, 1, 1, 1, 1, 1]
[1, 6, 8, 21, 73, 175, 232, 279, 306, 319, 332, 341, 348, 352, 362, 364, 364, 364, 365, 366, 368, 371, 371, 374, 375, 376]
[1, 13, 26, 78, 189, 255, 293, 317, 333, 344, 353, 360, 364, 369, 374, 376, 377, 379, 380, 380, 381, 382, 382, 382, 382, 382]
[1, 5, 7, 14, 62, 149, 238, 280, 303, 320, 328, 332, 339, 343, 345, 348, 351, 354, 356, 358, 359, 360, 362, 362, 362, 365]
[1, 6, 17, 65, 157, 230, 275, 303, 319, 334, 341, 346, 352, 356, 360, 361, 362, 363, 364, 365, 365, 365, 366, 366, 366, 368]
[1, 3, 3, 3, 5, 17, 70, 165, 233, 269, 293, 313, 322, 327, 341, 344, 348, 350, 353, 355, 355, 357, 358, 360, 361, 361]
[1, 13, 18, 32, 76, 163, 247, 292, 313, 330, 340, 342, 346, 350, 353, 354, 358, 359, 362, 363, 363, 363, 363, 365, 365, 365]
[1, 5, 16, 64, 155, 246, 281, 304, 314, 323, 328, 337, 344, 350, 355, 356, 359, 362, 363, 366, 369, 369, 370, 372, 372, 373]
[1, 5, 7, 27, 104, 194, 258, 282, 305, 325, 337, 343, 346, 353, 359, 361, 361, 362, 366, 367, 368, 368, 371, 371, 373, 374]
[1, 9, 18, 42, 93, 189, 237, 275, 296, 317, 324, 332, 336, 341, 347, 349, 351, 354, 357, 359, 360, 361, 363, 363, 365, 366]
[1, 3, 5, 13, 40, 103, 198, 256, 290, 304, 314, 323, 326, 337, 344, 349, 354, 356, 357, 359, 359, 359, 359, 359, 359, 361]
[1, 1, 1, 1, 1, 1, 1, 1, 1, 1, 1, 1, 1, 1, 1, 1, 1, 1, 1, 1, 1, 1, 1, 1, 1, 1]
[1, 4, 5, 14, 33, 101, 184, 248, 290, 305, 312, 322, 329, 336, 344, 346, 349, 352, 354, 356, 358, 358, 362, 363, 364, 364]
[1, 26, 68, 148, 239, 288, 309, 327, 337, 342, 347, 350, 354, 357, 362, 364, 367, 367, 368, 368, 370, 372, 373, 374, 375, 375]
[1, 7, 24, 106, 198, 269, 296, 315, 326, 339, 348, 353, 359, 363, 364, 364, 364, 366, 368, 370, 372, 373, 373, 374, 374, 374]
[1, 23, 60, 138, 220, 285, 309, 320, 330, 341, 348, 350, 354, 356, 361, 364, 367, 368, 369, 372, 373, 373, 375, 375, 377, 377]
[1, 25, 59, 130, 229, 273, 301, 315, 327, 337, 344, 350, 355, 359, 360, 362, 362, 364, 364, 364, 364, 364, 364, 365, 365, 365]
[1, 20, 70, 161, 253, 293, 318, 335, 347, 354, 363, 366, 367, 367, 371, 372, 373, 374, 375, 375, 375, 376, 376, 376, 377, 377]
[1, 28, 61, 170, 234, 275, 306, 321, 326, 337, 345, 354, 359, 361, 363, 363, 364, 365, 365, 365, 366, 367, 367, 367, 369, 369]
[1, 1, 1, 1, 1, 1, 1, 1, 1, 1, 1, 1, 1, 1, 1, 1, 1, 1, 1, 1, 1, 1, 1, 1, 1, 1]
[1, 7, 10, 17, 62, 159, 236, 278, 305, 318, 327, 332, 339, 347, 348, 352, 354, 355, 355, 356, 357, 359, 360, 361, 361, 361]
[1, 7, 17, 50, 155, 221, 266, 292, 310, 324, 329, 335, 340, 346, 351, 351, 356, 359, 360, 362, 363, 365, 366, 366, 368, 371]
[1, 3, 4, 10, 45, 123, 214, 266, 297, 318, 328, 335, 341, 347, 354, 358, 359, 359, 360, 365, 367, 367, 371, 371, 372, 373]
[1, 2, 2, 3, 4, 10, 39, 121, 224, 270, 294, 319, 328, 335, 343, 348, 352, 352, 356, 356, 358, 360, 360, 360, 360, 360]
[1, 11, 31, 103, 209, 268, 298, 315, 329, 337, 340, 343, 347, 350, 353, 359, 360, 363, 366, 368, 369, 370, 370, 370, 371, 371]
