[1, 3, 10, 45, 165, 424, 637, 735, 796, 845, 885, 912, 932, 944, 950, 964, 977, 984, 994, 999, 1001, 1003, 1005, 1009, 1011, 1013]
[1, 10, 38, 122, 349, 589, 720, 791, 853, 891, 917, 938, 952, 961, 970, 976, 980, 983, 990, 995, 998, 1001, 1004, 1007, 1010, 1011]
[1, 2, 26, 138, 406, 623, 745, 819, 870, 906, 934, 958, 971, 978, 984, 995, 999, 1007, 1013, 1018, 1023, 1024, 1029, 1031, 1031, 1033]
[1, 2, 5, 70, 318, 560, 705, 799, 862, 891, 921, 943, 965, 975, 987, 991, 995, 1001, 1004, 1009, 1013, 1016, 1017, 1018, 1022, 1028]
[1, 1, 1, 1, 1, 1, 1, 1, 1, 2, 5, 21, 105, 349, 597, 739, 820, 867, 907, 932, 956, 972, 991, 1007, 1021, 1031]
[1, 1, 1, 2, 3, 3, 3, 3, 5, 26, 192, 473, 673, 793, 857, 905, 943, 958, 974, 991, 1007, 1012, 1020, 1022, 1029, 1031]
[1, 2, 7, 26, 158, 420, 640, 757, 820, 883, 924, 945, 963, 976, 988, 995, 1004, 1010, 1015, 1019, 1022, 1025, 1028, 1028, 1031, 1034]
[1, 5, 21, 89, 280, 557, 718, 804, 875, 908, 937, 957, 977, 986, 995, 1004, 1010, 1015, 1022, 1026, 1035, 1036, 1039, 1044, 1048, 1049]
[1, 3, 24, 105, 348, 580, 711, 789, 845, 885, 919, 936, 952, 975, 984, 995, 1001, 1006, 1011, 1016, 1021, 1029, 1033, 1037, 1040, 1045]
[1, 1, 1, 1, 1, 2, 5, 73, 307, 573, 731, 813, 862, 907, 937, 955, 974, 992, 1004, 1013, 1019, 1023, 1026, 1031, 1035, 1037]
[1, 3, 9, 72, 285, 540, 686, 776, 835, 878, 904, 934, 954, 969, 979, 989, 992, 1000, 1005, 1010, 1013, 1015, 1015, 1017, 1021, 1021]
[1, 7, 53, 262, 518, 668, 758, 821, 863, 892, 916, 937, 948, 963, 973, 982, 986, 997, 1001, 1008, 1015, 1017, 1024, 1027, 1028, 1028]
[1, 1, 1, 1, 1, 2, 15, 91, 328, 582, 730, 799, 852, 894, 920, 945, 962, 975, 986, 991, 1001, 1006, 1011, 1013, 1016, 1019]
[1, 1, 1, 1, 1, 1, 1, 1, 1, 1, 1, 1, 1, 1, 1, 1, 1, 1, 1, 1, 1, 1, 1, 1, 1, 1]
[1, 3, 3, 3, 3, 3, 3, 3, 4, 21, 65, 232, 505, 666, 778, 834, 882, 917, 944, 960, 968, 979, 985, 993, 1000, 1003]
[1, 1, 1, 1, 1, 1, 1, 1, 1, 1, 1, 1, 1, 1, 1, 1, 1, 1, 1, 1, 1, 1, 1, 1, 1, 1]
[1, 3, 4, 8, 39, 151, 410, 626, 750, 820, 870, 905, 939, 961, 977, 988, 996, 1003, 1010, 1014, 1020, 1023, 1028, 1031, 1032, 1039]
[1, 2, 5, 24, 128, 362, 607, 727, 818, 869, 904, 933, 949, 968, 984, 995, 1000, 1008, 1015, 1021, 1028, 1033, 1035, 1038, 1040, 1042]
[1, 3, 48, 199, 486, 657, 764, 835, 870, 908, 933, 951, 964, 980, 990, 1001, 1006, 1009, 1012, 1016, 1017, 1018, 1021, 1023, 1027, 1028]
[1, 7, 40, 195, 529, 715, 824, 879, 928, 954, 976, 991, 998, 1016, 1022, 1033, 1037, 1040, 1043, 1046, 1049, 1054, 1057, 1061, 1064, 1066]
[1, 2, 23, 63, 228, 497, 667, 768, 840, 888, 920, 944, 962, 978, 991, 996, 1006, 1011, 1015, 1025, 1029, 1030, 1032, 1034, 1036, 1037]
[1, 2, 20, 127, 375, 621, 731, 816, 872, 914, 940, 961, 981, 992, 1000, 1004, 1006, 1009, 1011, 1017, 1019, 1021, 1023, 1023, 1024, 1027]
[1, 2, 4, 11, 44, 180, 454, 654, 768, 842, 892, 930, 953, 975, 998, 1011, 1018, 1023, 1028, 1034, 1043, 1049, 1054, 1055, 1059, 1062]
[1, 1, 1, 1, 1, 1, 1, 1, 1, 1, 1, 1, 1, 1, 1, 1, 1, 1, 1, 1, 1, 1, 1, 1, 1, 1]
[1, 11, 52, 198, 519, 693, 785, 858, 897, 925, 942, 958, 970, 989, 997, 1003, 1013, 1015, 1016, 1022, 1026, 1027, 1028, 1031, 1034, 1034]
