[1, 9, 15, 39, 86, 123, 139, 147, 158, 162, 162, 165, 166, 168, 168, 169, 170, 170, 172, 172, 173, 175, 177, 178, 178, 178]
[1, 2, 8, 22, 65, 118, 143, 152, 157, 159, 163, 167, 169, 170, 171, 172, 172, 172, 173, 174, 175, 175, 175, 175, 175, 175]
[1, 12, 26, 71, 115, 139, 161, 164, 165, 170, 171, 172, 175, 177, 179, 179, 179, 181, 181, 181, 181, 181, 182, 182, 182, 182]
[1, 3, 4, 11, 28, 65, 107, 131, 144, 156, 158, 160, 166, 166, 167, 169, 170, 170, 171, 172, 172, 173, 173, 173, 173, 174]
[1, 18, 35, 82, 132, 150, 161, 164, 174, 175, 178, 180, 184, 184, 185, 185, 185, 185, 185, 185, 185, 185, 185, 185, 185, 185]
[1, 6, 7, 23, 55, 115, 138, 155, 159, 160, 164, 165, 168, 169, 169, 171, 174, 174, 174, 175, 176, 176, 177, 177, 178, 178]
[1, 9, 13, 37, 92, 127, 146, 157, 164, 166, 170, 170, 174, 174, 175, 175, 176, 177, 178, 178, 178, 179, 179, 179, 180, 180]
[1, 5, 15, 69, 112, 136, 153, 157, 160, 163, 165, 167, 170, 171, 172, 172, 173, 173, 173, 173, 173, 174, 174, 175, 175, 175]
[1, 2, 2, 2, 2, 2, 2, 2, 3, 13, 38, 82, 118, 139, 150, 154, 159, 162, 165, 166, 167, 169, 170, 171, 171, 173]
[1, 22, 57, 112, 144, 157, 168, 168, 169, 173, 175, 177, 180, 181, 182, 183, 184, 185, 185, 185, 187, 187, 188, 188, 189, 189]
[1, 1, 1, 1, 1, 1, 1, 1, 1, 1, 1, 1, 1, 1, 1, 1, 1, 1, 1, 1, 1, 1, 1, 1, 1, 1]
[1, 7, 21, 59, 107, 129, 146, 162, 170, 173, 174, 174, 174, 175, 176, 177, 178, 178, 179, 179, 179, 180, 180, 180, 181, 181]
[1, 13, 28, 85, 104, 130, 140, 148, 154, 162, 166, 166, 169, 171, 171, 171, 172, 173, 173, 173, 173, 173, 173, 173, 173, 173]
[1, 11, 30, 99, 131, 147, 162, 168, 169, 170, 173, 174, 176, 177, 179, 181, 181, 182, 182, 183, 184, 184, 184, 184, 184, 184]
[1, 8, 15, 41, 85, 121, 137, 145, 152, 156, 159, 163, 165, 168, 168, 171, 171, 171, 171, 172, 172, 172, 172, 172, 173, 173]
[1, 4, 7, 10, 31, 52, 101, 128, 146, 151, 156, 160, 163, 165, 165, 168, 169, 171, 173, 175, 176, 177, 178, 178, 178, 180]
[1, 5, 8, 32, 82, 123, 142, 148, 155, 157, 162, 164, 168, 170, 173, 173, 174, 174, 174, 174, 174, 174, 176, 176, 176, 176]
[1, 17, 33, 80, 126, 142, 153, 159, 162, 163, 163, 164, 166, 169, 169, 170, 170, 170, 170, 172, 172, 172, 173, 174, 174, 174]
[1, 16, 31, 71, 109, 132, 144, 159, 164, 170, 173, 176, 179, 183, 183, 183, 183, 183, 183, 184, 184, 184, 185, 185, 185, 185]
[1, 3, 3, 4, 6, 15, 27, 48, 88, 118, 135, 153, 155, 159, 164, 168, 169, 169, 169, 170, 172, 174, 174, 174, 174, 174]
[1, 5, 5, 6, 9, 13, 30, 80, 118, 146, 155, 159, 164, 167, 170, 171, 174, 176, 176, 177, 178, 178, 178, 178, 178, 178]
[1, 6, 6, 7, 12, 26, 59, 104, 129, 144, 153, 159, 164, 168, 170, 170, 173, 173, 176, 177, 177, 178, 178, 178, 178, 179]
[1, 2, 2, 2, 3, 6, 18, 60, 104, 130, 143, 150, 156, 160, 165, 171, 171, 172, 173, 173, 173, 173, 173, 174, 175, 176]
[1, 1, 1, 1, 1, 1, 1, 1, 1, 1, 1, 1, 1, 1, 1, 1, 1, 1, 1, 1, 1, 1, 1, 1, 1, 1]
[1, 17, 34, 85, 125, 148, 160, 168, 170, 172, 173, 174, 176, 176, 177, 177, 179, 179, 179, 181, 181, 181, 183, 183, 183, 183]
