[1, 2, 2, 2, 2, 2, 2, 2, 2, 2, 2, 2, 2, 2, 2, 2, 2, 2, 2, 2, 2, 2, 2, 2, 2, 2]
[1, 11, 19, 38, 66, 89, 109, 122, 136, 147, 153, 160, 161, 165, 169, 169, 172, 172, 172, 173, 175, 175, 175, 176, 177, 177]
[1, 7, 23, 47, 109, 153, 165, 178, 182, 183, 184, 185, 187, 188, 189, 189, 191, 193, 193, 193, 194, 194, 194, 194, 194, 194]
[1, 17, 22, 39, 68, 103, 120, 137, 149, 154, 159, 164, 166, 168, 171, 171, 173, 174, 176, 177, 177, 177, 177, 177, 177, 177]
[1, 12, 16, 27, 54, 84, 111, 131, 140, 148, 152, 157, 161, 164, 166, 167, 171, 171, 174, 174, 174, 175, 175, 175, 175, 175]
[1, 6, 13, 42, 86, 116, 134, 143, 151, 160, 164, 169, 173, 174, 174, 175, 175, 175, 176, 176, 176, 176, 176, 176, 176, 177]
[1, 10, 15, 30, 57, 87, 113, 129, 139, 147, 149, 157, 161, 163, 164, 166, 168, 168, 169, 170, 170, 170, 171, 172, 172, 172]
[1, 17, 23, 47, 73, 114, 135, 146, 156, 162, 167, 167, 171, 173, 176, 178, 180, 183, 185, 188, 189, 189, 189, 189, 190, 190]
[1, 5, 18, 45, 78, 113, 129, 137, 155, 164, 166, 171, 173, 174, 175, 178, 179, 180, 182, 183, 183, 183, 184, 185, 185, 185]
[1, 32, 53, 83, 112, 133, 149, 165, 170, 173, 173, 177, 178, 182, 182, 182, 182, 184, 184, 184, 184, 184, 184, 185, 185, 185]
[1, 4, 17, 42, 77, 110, 128, 145, 152, 157, 161, 163, 166, 169, 169, 170, 173, 173, 174, 174, 175, 175, 177, 177, 177, 177]
[1, 6, 19, 58, 98, 123, 134, 143, 148, 153, 157, 162, 164, 167, 170, 171, 172, 173, 173, 173, 174, 175, 175, 175, 175, 175]
[1, 10, 38, 70, 101, 125, 143, 152, 161, 164, 165, 165, 167, 170, 171, 171, 171, 171, 172, 173, 173, 173, 173, 173, 174, 174]
[1, 17, 33, 66, 102, 118, 130, 140, 146, 159, 161, 161, 164, 167, 168, 168, 168, 170, 171, 172, 174, 174, 174, 174, 174, 175]
[1, 6, 15, 33, 73, 103, 128, 140, 147, 151, 157, 160, 163, 168, 173, 173, 177, 178, 178, 179, 179, 179, 179, 179, 180, 180]
[1, 4, 14, 30, 50, 75, 103, 128, 134, 140, 143, 148, 153, 156, 158, 159, 160, 164, 165, 167, 167, 167, 167, 167, 167, 167]
[1, 8, 21, 40, 71, 126, 151, 164, 169, 175, 178, 180, 183, 183, 184, 186, 187, 189, 190, 190, 190, 193, 193, 193, 194, 195]
[1, 9, 17, 32, 53, 96, 142, 159, 169, 174, 177, 182, 185, 190, 193, 194, 194, 194, 194, 194, 194, 195, 196, 196, 196, 196]
[1, 4, 25, 60, 89, 113, 130, 141, 147, 154, 159, 160, 165, 168, 169, 171, 171, 171, 171, 172, 172, 174, 174, 175, 175, 175]
[1, 29, 76, 126, 151, 161, 173, 178, 182, 182, 188, 189, 190, 191, 192, 192, 192, 192, 192, 192, 192, 192, 192, 192, 192, 192]
[1, 8, 10, 27, 52, 79, 102, 116, 133, 144, 153, 158, 159, 163, 166, 169, 170, 170, 171, 172, 173, 173, 173, 173, 173, 173]
[1, 5, 16, 35, 73, 105, 136, 147, 150, 159, 165, 167, 174, 176, 176, 179, 181, 183, 183, 184, 184, 184, 184, 185, 185, 185]
[1, 3, 3, 4, 6, 15, 36, 69, 98, 119, 136, 148, 157, 162, 165, 169, 171, 172, 176, 179, 180, 180, 181, 181, 181, 182]
[1, 1, 1, 1, 1, 1, 1, 1, 1, 1, 1, 1, 1, 1, 1, 1, 1, 1, 1, 1, 1, 1, 1, 1, 1, 1]
[1, 3, 5, 13, 38, 81, 99, 119, 128, 142, 147, 153, 161, 165, 166, 167, 168, 169, 169, 170, 170, 170, 171, 171, 172, 172]
