[1, 34, 65, 253, 414, 527, 602, 652, 680, 705, 721, 733, 746, 756, 760, 764, 767, 773, 775, 775, 776, 777, 780, 780, 781, 784]
[1, 12, 27, 119, 335, 507, 592, 646, 684, 709, 735, 749, 761, 771, 777, 783, 790, 798, 804, 806, 806, 806, 808, 809, 812, 815]
[1, 5, 16, 49, 222, 396, 519, 587, 624, 664, 690, 703, 722, 730, 744, 752, 758, 761, 763, 769, 772, 777, 781, 784, 786, 786]
[1, 16, 25, 50, 140, 342, 479, 573, 631, 662, 693, 712, 728, 747, 759, 768, 773, 780, 783, 786, 788, 790, 794, 797, 798, 800]
[1, 37, 103, 298, 481, 578, 635, 686, 706, 728, 743, 755, 764, 769, 778, 780, 781, 782, 784, 792, 794, 796, 798, 800, 801, 801]
[1, 2, 3, 13, 75, 256, 441, 533, 596, 641, 666, 692, 706, 720, 725, 735, 746, 753, 755, 758, 760, 768, 771, 771, 771, 773]
[1, 28, 132, 370, 523, 601, 651, 691, 719, 738, 754, 762, 778, 790, 796, 800, 804, 807, 810, 810, 812, 818, 818, 818, 819, 819]
[1, 14, 31, 139, 336, 501, 577, 628, 677, 697, 719, 732, 745, 753, 758, 768, 772, 773, 777, 778, 779, 783, 784, 787, 788, 790]
[1, 12, 37, 174, 379, 514, 582, 625, 668, 694, 709, 720, 732, 740, 747, 752, 757, 764, 769, 772, 777, 780, 781, 781, 781, 781]
[1, 10, 44, 151, 391, 496, 561, 608, 656, 676, 700, 715, 725, 736, 746, 749, 750, 754, 760, 763, 766, 767, 769, 770, 773, 776]
[1, 9, 16, 57, 144, 336, 495, 577, 623, 655, 679, 704, 718, 732, 744, 748, 751, 758, 764, 768, 770, 773, 774, 779, 779, 779]
[1, 16, 18, 40, 131, 320, 482, 565, 614, 647, 684, 704, 723, 740, 747, 758, 760, 769, 774, 777, 778, 781, 783, 786, 791, 791]
[1, 18, 38, 101, 251, 408, 519, 585, 632, 664, 693, 711, 724, 732, 738, 744, 748, 753, 756, 761, 765, 770, 773, 776, 779, 779]
[1, 37, 169, 397, 541, 601, 642, 669, 692, 715, 729, 736, 743, 746, 753, 757, 763, 766, 770, 773, 778, 779, 782, 787, 790, 792]
[1, 15, 42, 172, 374, 500, 582, 629, 663, 696, 716, 727, 735, 751, 756, 759, 765, 769, 770, 773, 776, 777, 780, 780, 781, 782]
[1, 70, 108, 253, 433, 564, 633, 672, 701, 719, 733, 743, 753, 761, 766, 773, 779, 782, 786, 790, 790, 791, 792, 792, 794, 796]
[1, 26, 115, 306, 493, 575, 633, 677, 704, 729, 739, 756, 767, 774, 777, 785, 789, 792, 795, 797, 798, 800, 802, 803, 804, 804]
[1, 4, 8, 50, 212, 400, 538, 594, 629, 663, 681, 697, 719, 730, 738, 746, 759, 766, 771, 773, 775, 778, 780, 780, 780, 781]
[1, 5, 10, 64, 210, 385, 508, 576, 617, 649, 674, 689, 704, 712, 731, 741, 750, 760, 767, 769, 772, 775, 778, 778, 779, 781]
[1, 10, 31, 168, 376, 519, 587, 637, 662, 683, 698, 713, 726, 736, 743, 750, 753, 757, 759, 761, 763, 765, 765, 765, 766, 769]
[1, 101, 157, 341, 496, 580, 639, 678, 706, 722, 739, 748, 763, 773, 782, 789, 795, 798, 800, 804, 805, 807, 807, 809, 810, 810]
[1, 20, 57, 168, 399, 514, 594, 644, 671, 703, 719, 730, 738, 748, 756, 760, 764, 768, 773, 777, 780, 784, 785, 786, 788, 790]
[1, 35, 129, 351, 496, 570, 627, 662, 678, 699, 714, 730, 743, 751, 756, 761, 764, 768, 769, 771, 771, 773, 776, 778, 778, 781]
[1, 5, 8, 21, 66, 206, 402, 492, 561, 606, 636, 660, 684, 694, 705, 709, 715, 723, 728, 735, 738, 740, 744, 745, 748, 749]
[1, 4, 6, 9, 20, 87, 270, 434, 534, 596, 640, 674, 699, 712, 729, 739, 744, 747, 755, 764, 764, 772, 776, 777, 780, 780]
