[1, 2, 2, 4, 10, 27, 43, 60, 82, 88, 96, 102, 107, 115, 117, 119, 120, 121, 123, 125, 125, 126, 126, 127, 127, 127]
[1, 11, 18, 31, 52, 73, 88, 97, 101, 108, 112, 114, 117, 117, 121, 121, 122, 122, 122, 124, 124, 125, 125, 125, 125, 125]
[1, 7, 8, 11, 20, 50, 68, 82, 90, 95, 98, 103, 108, 112, 115, 117, 117, 121, 121, 122, 123, 123, 125, 126, 129, 130]
[1, 7, 7, 12, 26, 50, 69, 84, 87, 94, 95, 103, 106, 110, 112, 113, 113, 116, 117, 117, 117, 117, 118, 118, 118, 118]
[1, 10, 23, 51, 70, 83, 87, 95, 98, 103, 107, 111, 113, 114, 114, 114, 116, 118, 118, 118, 118, 118, 119, 119, 120, 121]
[1, 14, 24, 34, 50, 71, 89, 98, 105, 113, 118, 121, 126, 127, 127, 129, 129, 130, 130, 131, 132, 133, 134, 134, 134, 134]
[1, 3, 3, 3, 3, 3, 3, 3, 3, 4, 9, 25, 48, 68, 85, 97, 101, 104, 108, 110, 112, 113, 114, 115, 115, 115]
[1, 21, 36, 63, 87, 98, 112, 118, 120, 120, 123, 125, 127, 131, 132, 132, 132, 132, 133, 133, 134, 134, 134, 134, 134, 135]
[1, 7, 11, 24, 42, 64, 78, 87, 97, 102, 108, 112, 113, 117, 121, 123, 124, 124, 125, 126, 126, 126, 127, 127, 127, 127]
[1, 20, 40, 66, 92, 102, 106, 110, 114, 115, 118, 119, 121, 123, 125, 127, 127, 127, 129, 129, 129, 129, 129, 129, 130, 130]
[1, 4, 6, 14, 28, 45, 58, 64, 76, 87, 92, 97, 100, 107, 108, 110, 112, 116, 117, 117, 117, 119, 119, 120, 123, 124]
[1, 3, 4, 9, 19, 37, 60, 78, 89, 95, 100, 103, 107, 109, 113, 115, 115, 117, 117, 117, 118, 118, 119, 119, 120, 120]
[1, 3, 4, 8, 20, 39, 56, 76, 84, 90, 97, 102, 106, 108, 109, 110, 111, 112, 114, 115, 115, 117, 118, 119, 120, 121]
[1, 15, 33, 48, 60, 79, 88, 97, 103, 111, 113, 119, 125, 129, 131, 134, 134, 134, 135, 135, 136, 137, 137, 138, 139, 139]
[1, 2, 4, 7, 22, 43, 64, 77, 87, 94, 103, 105, 110, 112, 112, 113, 115, 116, 116, 118, 118, 119, 119, 120, 121, 121]
[1, 9, 10, 14, 23, 44, 73, 88, 99, 104, 106, 108, 111, 115, 115, 117, 117, 118, 119, 119, 119, 119, 120, 120, 121, 121]
[1, 14, 18, 26, 37, 52, 70, 98, 106, 112, 117, 117, 118, 120, 120, 122, 122, 122, 122, 122, 123, 123, 123, 123, 123, 123]
[1, 14, 21, 38, 56, 71, 84, 95, 102, 106, 109, 112, 113, 113, 116, 118, 120, 123, 123, 125, 126, 126, 126, 127, 128, 128]
[1, 15, 24, 54, 76, 96, 103, 108, 112, 115, 116, 117, 119, 121, 122, 122, 123, 123, 123, 124, 124, 124, 126, 126, 126, 127]
[1, 11, 20, 32, 56, 79, 87, 97, 102, 109, 111, 115, 120, 123, 124, 124, 124, 124, 124, 126, 126, 126, 126, 126, 127, 128]
[1, 12, 22, 51, 70, 82, 95, 102, 110, 114, 122, 123, 126, 127, 128, 129, 130, 130, 132, 132, 132, 133, 133, 133, 133, 133]
[1, 19, 53, 79, 100, 109, 116, 124, 126, 130, 135, 137, 138, 138, 139, 139, 141, 142, 142, 142, 143, 143, 144, 145, 146, 146]
[1, 13, 33, 60, 76, 85, 93, 98, 101, 107, 107, 108, 108, 111, 111, 112, 112, 112, 112, 112, 113, 113, 114, 114, 114, 114]
[1, 21, 35, 53, 77, 95, 108, 111, 115, 116, 118, 119, 119, 120, 123, 124, 125, 125, 125, 126, 126, 126, 126, 126, 127, 127]
[1, 1, 1, 1, 1, 1, 1, 1, 1, 1, 1, 1, 1, 1, 1, 1, 1, 1, 1, 1, 1, 1, 1, 1, 1, 1]
