[1, 28, 55, 125, 202, 232, 255, 265, 277, 282, 288, 291, 292, 293, 294, 297, 299, 299, 299, 300, 300, 300, 300, 301, 303, 304]
[1, 3, 6, 29, 115, 195, 236, 247, 260, 267, 271, 272, 275, 277, 279, 279, 279, 280, 281, 282, 282, 283, 283, 284, 285, 285]
[1, 6, 16, 68, 155, 214, 243, 259, 271, 277, 281, 284, 284, 288, 290, 294, 295, 300, 302, 302, 303, 303, 303, 304, 304, 305]
[1, 6, 30, 104, 189, 240, 267, 283, 289, 294, 295, 296, 298, 298, 301, 301, 302, 304, 305, 307, 308, 308, 312, 313, 313, 314]
[1, 2, 2, 3, 39, 126, 210, 240, 263, 278, 285, 288, 291, 292, 294, 295, 297, 300, 302, 304, 304, 305, 305, 305, 305, 305]
[1, 3, 12, 46, 127, 200, 243, 266, 280, 294, 298, 303, 311, 314, 317, 317, 317, 318, 318, 318, 318, 318, 318, 318, 318, 318]
[1, 17, 46, 140, 211, 243, 262, 278, 283, 294, 296, 299, 301, 304, 306, 306, 306, 307, 307, 307, 307, 307, 307, 307, 307, 307]
[1, 1, 1, 2, 6, 34, 120, 209, 249, 270, 282, 288, 291, 293, 296, 300, 304, 307, 309, 309, 309, 309, 310, 310, 312, 312]
[1, 2, 5, 15, 64, 168, 210, 239, 253, 259, 265, 267, 277, 279, 285, 286, 286, 287, 288, 288, 289, 290, 292, 292, 292, 293]
[1, 5, 11, 19, 41, 111, 193, 240, 259, 267, 276, 284, 289, 293, 297, 300, 300, 301, 302, 302, 302, 303, 303, 303, 304, 304]
[1, 21, 32, 98, 197, 239, 261, 266, 271, 274, 283, 288, 290, 292, 294, 295, 295, 296, 299, 299, 300, 300, 300, 300, 300, 300]
[1, 4, 36, 89, 183, 225, 252, 267, 277, 285, 289, 293, 297, 301, 301, 302, 302, 303, 305, 305, 305, 305, 305, 305, 306, 306]
[1, 2, 2, 3, 3, 3, 3, 4, 10, 31, 84, 183, 232, 256, 271, 280, 286, 291, 292, 292, 293, 293, 294, 294, 295, 297]
[1, 1, 3, 4, 21, 66, 156, 231, 262, 289, 300, 313, 319, 322, 328, 330, 330, 333, 335, 335, 335, 337, 338, 340, 340, 340]
[1, 11, 35, 115, 187, 236, 254, 261, 271, 278, 284, 289, 292, 292, 296, 299, 303, 303, 304, 304, 305, 305, 307, 307, 307, 307]
[1, 15, 38, 121, 191, 235, 254, 265, 272, 277, 280, 285, 285, 288, 290, 290, 293, 295, 295, 295, 295, 295, 296, 296, 296, 297]
[1, 14, 59, 120, 194, 239, 267, 277, 283, 289, 290, 294, 295, 296, 297, 298, 298, 298, 299, 299, 300, 300, 302, 302, 302, 302]
[1, 6, 28, 83, 185, 233, 264, 276, 284, 288, 291, 293, 294, 298, 302, 303, 305, 306, 309, 309, 309, 310, 312, 312, 312, 312]
[1, 3, 9, 34, 59, 120, 199, 236, 262, 270, 275, 281, 284, 286, 290, 292, 293, 296, 296, 296, 296, 296, 296, 296, 296, 297]
[1, 5, 14, 61, 157, 209, 237, 247, 258, 263, 270, 273, 276, 283, 287, 287, 290, 290, 292, 293, 294, 294, 294, 294, 295, 295]
[1, 1, 1, 1, 1, 1, 1, 1, 1, 1, 1, 1, 1, 1, 1, 1, 1, 1, 1, 1, 1, 1, 1, 1, 1, 1]
[1, 4, 18, 68, 158, 219, 247, 258, 267, 271, 279, 282, 283, 285, 286, 288, 289, 289, 290, 290, 291, 292, 294, 294, 294, 294]
[1, 8, 24, 79, 155, 205, 224, 242, 251, 261, 265, 269, 273, 274, 278, 280, 282, 282, 284, 284, 285, 285, 286, 287, 288, 289]
[1, 3, 7, 20, 74, 161, 208, 241, 252, 263, 270, 273, 277, 281, 283, 285, 287, 288, 289, 290, 290, 291, 291, 291, 291, 293]
[1, 3, 13, 33, 103, 203, 236, 255, 266, 283, 285, 293, 294, 294, 295, 298, 299, 302, 303, 304, 304, 305, 305, 305, 306, 306]
