[1, 2, 2, 2, 3, 13, 37, 70, 142, 222, 275, 308, 336, 350, 363, 375, 380, 387, 391, 393, 394, 397, 398, 399, 399, 401]
[1, 2, 9, 53, 134, 246, 306, 350, 378, 394, 405, 414, 422, 426, 431, 436, 440, 443, 448, 451, 451, 452, 454, 458, 459, 460]
[1, 7, 8, 10, 13, 36, 82, 164, 245, 302, 334, 354, 364, 374, 385, 398, 403, 409, 410, 415, 419, 421, 424, 425, 425, 427]
[1, 1, 1, 1, 1, 1, 1, 1, 1, 1, 1, 1, 1, 1, 1, 1, 1, 1, 1, 1, 1, 1, 1, 1, 1, 1]
[1, 11, 13, 22, 47, 124, 211, 266, 311, 342, 361, 382, 392, 396, 401, 407, 412, 416, 420, 423, 424, 426, 427, 431, 433, 434]
[1, 8, 10, 28, 77, 173, 238, 287, 321, 343, 358, 375, 389, 398, 405, 409, 412, 415, 420, 421, 424, 426, 428, 428, 428, 428]
[1, 12, 40, 110, 192, 253, 300, 342, 362, 377, 388, 397, 401, 408, 411, 413, 416, 416, 419, 420, 424, 425, 427, 428, 430, 430]
[1, 2, 13, 59, 140, 245, 296, 337, 362, 373, 387, 391, 394, 401, 407, 409, 410, 415, 418, 421, 425, 426, 426, 427, 427, 427]
[1, 22, 37, 94, 179, 251, 301, 336, 359, 375, 386, 395, 404, 411, 414, 419, 422, 426, 429, 431, 433, 433, 433, 434, 435, 435]
[1, 7, 21, 82, 174, 243, 290, 321, 346, 366, 382, 391, 397, 398, 406, 407, 410, 413, 417, 419, 420, 422, 422, 425, 425, 427]
[1, 41, 55, 105, 193, 250, 285, 315, 335, 352, 371, 380, 388, 395, 397, 400, 401, 403, 403, 405, 408, 409, 409, 409, 410, 411]
[1, 3, 4, 7, 15, 59, 184, 259, 295, 335, 360, 373, 391, 400, 408, 418, 425, 431, 437, 439, 440, 442, 444, 446, 448, 451]
[1, 6, 16, 43, 142, 234, 286, 325, 353, 367, 377, 389, 397, 405, 408, 415, 420, 424, 426, 430, 432, 434, 436, 437, 437, 437]
[1, 1, 3, 11, 45, 141, 212, 276, 314, 347, 362, 368, 387, 396, 406, 412, 419, 423, 423, 426, 430, 432, 433, 436, 439, 441]
[1, 8, 27, 74, 175, 254, 302, 326, 345, 371, 386, 390, 399, 406, 410, 413, 419, 424, 428, 429, 430, 432, 432, 433, 433, 435]
[1, 5, 15, 46, 129, 240, 297, 331, 351, 361, 372, 383, 396, 402, 409, 416, 418, 419, 421, 422, 424, 427, 429, 429, 429, 429]
[1, 4, 9, 44, 117, 202, 244, 289, 312, 334, 349, 358, 365, 374, 379, 385, 387, 390, 395, 396, 398, 401, 401, 401, 402, 403]
[1, 3, 5, 13, 27, 92, 165, 240, 286, 315, 325, 344, 358, 368, 380, 387, 394, 403, 404, 407, 411, 413, 416, 417, 419, 420]
[1, 2, 9, 30, 85, 197, 266, 309, 337, 360, 376, 394, 405, 410, 420, 425, 428, 432, 434, 439, 441, 445, 445, 446, 446, 446]
[1, 16, 18, 38, 100, 192, 260, 302, 343, 362, 380, 390, 396, 404, 409, 414, 419, 424, 429, 430, 431, 432, 433, 434, 435, 436]
[1, 5, 15, 50, 170, 248, 297, 336, 358, 373, 387, 401, 409, 417, 421, 425, 426, 430, 431, 433, 434, 435, 436, 437, 437, 437]
[1, 7, 35, 90, 167, 229, 281, 307, 331, 348, 361, 368, 372, 378, 382, 385, 390, 391, 392, 393, 393, 397, 400, 401, 402, 402]
[1, 6, 22, 54, 132, 215, 267, 296, 317, 341, 358, 374, 380, 385, 392, 398, 400, 404, 409, 409, 410, 411, 411, 412, 413, 414]
[1, 1, 4, 9, 27, 111, 181, 274, 322, 342, 366, 386, 396, 404, 408, 409, 414, 417, 419, 420, 423, 424, 426, 426, 426, 427]
[1, 5, 7, 15, 48, 133, 230, 280, 307, 331, 357, 369, 377, 383, 388, 396, 403, 406, 411, 416, 416, 420, 422, 423, 425, 426]
