[1, 3, 19, 133, 410, 771, 1009, 1130, 1214, 1267, 1313, 1344, 1364, 1380, 1394, 1406, 1413, 1424, 1431, 1437, 1443, 1453, 1455, 1457, 1457, 1458]
[1, 1, 2, 11, 56, 236, 593, 934, 1090, 1182, 1250, 1297, 1324, 1357, 1374, 1393, 1405, 1417, 1424, 1428, 1434, 1438, 1440, 1444, 1447, 1450]
[1, 1, 3, 11, 62, 254, 657, 930, 1085, 1179, 1245, 1282, 1320, 1345, 1375, 1396, 1415, 1428, 1436, 1444, 1457, 1459, 1463, 1467, 1475, 1478]
[1, 3, 31, 138, 434, 755, 983, 1110, 1208, 1276, 1317, 1347, 1359, 1382, 1397, 1415, 1426, 1430, 1438, 1441, 1445, 1454, 1457, 1462, 1465, 1467]
[1, 11, 43, 164, 536, 908, 1103, 1202, 1263, 1312, 1348, 1381, 1401, 1421, 1432, 1445, 1453, 1466, 1470, 1472, 1474, 1474, 1477, 1479, 1484, 1485]
[1, 1, 1, 1, 2, 4, 9, 23, 99, 339, 755, 988, 1136, 1215, 1262, 1306, 1336, 1354, 1374, 1385, 1389, 1395, 1407, 1410, 1415, 1422]
[1, 1, 1, 1, 1, 1, 1, 1, 1, 2, 3, 3, 5, 12, 44, 140, 422, 785, 1005, 1125, 1199, 1254, 1287, 1316, 1338, 1358]
[1, 2, 17, 74, 322, 682, 963, 1125, 1205, 1261, 1305, 1341, 1369, 1388, 1399, 1412, 1427, 1433, 1436, 1438, 1444, 1450, 1455, 1462, 1464, 1465]
[1, 3, 24, 110, 383, 761, 985, 1133, 1219, 1268, 1299, 1333, 1352, 1366, 1383, 1396, 1408, 1415, 1417, 1426, 1429, 1434, 1437, 1439, 1441, 1443]
[1, 1, 1, 1, 1, 1, 1, 1, 1, 1, 1, 1, 1, 1, 1, 1, 1, 1, 1, 1, 1, 1, 1, 1, 1, 1]
[1, 1, 1, 1, 1, 1, 1, 1, 1, 1, 1, 1, 1, 1, 1, 1, 1, 1, 1, 1, 1, 1, 1, 1, 1, 1]
[1, 3, 16, 79, 265, 648, 971, 1141, 1219, 1269, 1308, 1344, 1367, 1383, 1400, 1408, 1414, 1419, 1424, 1427, 1430, 1433, 1434, 1435, 1437, 1439]
[1, 1, 1, 2, 6, 32, 131, 415, 783, 1035, 1165, 1231, 1271, 1304, 1339, 1354, 1369, 1377, 1389, 1402, 1414, 1419, 1421, 1425, 1430, 1434]
[1, 17, 66, 233, 558, 860, 1047, 1167, 1240, 1290, 1332, 1361, 1380, 1397, 1414, 1429, 1437, 1446, 1452, 1459, 1461, 1465, 1470, 1474, 1476, 1477]
[1, 2, 7, 34, 154, 459, 816, 1047, 1168, 1233, 1270, 1311, 1336, 1356, 1369, 1390, 1400, 1414, 1428, 1434, 1443, 1450, 1452, 1454, 1457, 1464]
[1, 1, 1, 1, 1, 1, 1, 1, 1, 1, 1, 1, 1, 1, 1, 1, 1, 1, 1, 1, 1, 1, 1, 1, 1, 1]
[1, 5, 24, 79, 232, 539, 896, 1067, 1156, 1208, 1247, 1278, 1302, 1323, 1342, 1355, 1366, 1377, 1386, 1394, 1397, 1400, 1404, 1409, 1412, 1415]
[1, 9, 44, 176, 471, 852, 1047, 1194, 1273, 1323, 1360, 1376, 1404, 1428, 1438, 1448, 1459, 1468, 1474, 1477, 1481, 1490, 1494, 1496, 1499, 1500]
[1, 1, 1, 2, 6, 33, 117, 433, 746, 984, 1094, 1178, 1235, 1280, 1314, 1344, 1364, 1382, 1399, 1409, 1414, 1418, 1423, 1426, 1430, 1436]
[1, 2, 3, 16, 74, 252, 576, 860, 1046, 1175, 1258, 1306, 1349, 1370, 1384, 1400, 1418, 1424, 1430, 1434, 1442, 1447, 1454, 1461, 1461, 1465]
[1, 2, 2, 3, 5, 20, 62, 207, 565, 866, 1047, 1139, 1207, 1252, 1286, 1322, 1345, 1363, 1375, 1390, 1397, 1409, 1422, 1426, 1431, 1437]
[1, 1, 2, 4, 24, 152, 429, 781, 1024, 1133, 1220, 1278, 1316, 1339, 1357, 1382, 1399, 1412, 1423, 1430, 1435, 1442, 1442, 1446, 1450, 1456]
[1, 1, 1, 1, 1, 1, 1, 1, 1, 1, 1, 1, 1, 1, 1, 1, 1, 1, 1, 1, 1, 1, 1, 1, 1, 1]
[1, 12, 115, 359, 735, 979, 1111, 1187, 1251, 1290, 1327, 1353, 1373, 1387, 1395, 1401, 1414, 1423, 1431, 1438, 1442, 1450, 1455, 1460, 1464, 1465]
[1, 17, 55, 204, 523, 827, 1026, 1132, 1212, 1256, 1297, 1330, 1350, 1363, 1372, 1381, 1391, 1399, 1408, 1414, 1417, 1421, 1424, 1428, 1430, 1431]
