[1, 28, 123, 396, 656, 808, 885, 941, 992, 1019, 1042, 1065, 1074, 1086, 1091, 1102, 1105, 1112, 1116, 1120, 1123, 1124, 1128, 1131, 1135, 1139]
[1, 4, 14, 52, 202, 501, 747, 870, 945, 986, 1019, 1035, 1051, 1065, 1070, 1079, 1086, 1092, 1098, 1100, 1103, 1108, 1111, 1114, 1117, 1119]
[1, 1, 1, 1, 1, 1, 1, 1, 1, 1, 1, 1, 1, 1, 1, 1, 1, 1, 1, 1, 1, 1, 1, 1, 2, 2]
[1, 1, 1, 1, 1, 1, 1, 1, 1, 1, 1, 3, 15, 96, 285, 583, 783, 890, 938, 981, 1009, 1023, 1035, 1042, 1050, 1054]
[1, 1, 1, 1, 1, 1, 1, 1, 1, 1, 1, 1, 1, 1, 1, 1, 1, 1, 1, 1, 1, 1, 1, 1, 1, 1]
[1, 21, 97, 353, 643, 826, 904, 964, 1010, 1036, 1056, 1070, 1077, 1086, 1090, 1096, 1099, 1106, 1111, 1115, 1118, 1121, 1123, 1123, 1126, 1127]
[1, 21, 76, 311, 627, 821, 917, 971, 1000, 1026, 1046, 1064, 1076, 1090, 1103, 1108, 1113, 1117, 1121, 1126, 1127, 1128, 1130, 1133, 1135, 1138]
[1, 2, 23, 78, 281, 584, 763, 860, 926, 962, 1000, 1022, 1042, 1050, 1057, 1065, 1073, 1081, 1083, 1090, 1091, 1095, 1095, 1097, 1100, 1101]
[1, 3, 32, 178, 486, 740, 873, 935, 976, 1013, 1035, 1052, 1066, 1073, 1082, 1085, 1092, 1098, 1099, 1104, 1108, 1111, 1114, 1117, 1120, 1122]
[1, 5, 25, 108, 350, 631, 801, 897, 953, 989, 1006, 1023, 1039, 1053, 1063, 1073, 1082, 1091, 1093, 1095, 1101, 1103, 1106, 1106, 1106, 1106]
[1, 3, 23, 95, 312, 584, 786, 884, 938, 976, 996, 1013, 1025, 1037, 1053, 1062, 1071, 1085, 1089, 1093, 1095, 1102, 1103, 1103, 1104, 1107]
[1, 29, 141, 411, 707, 873, 949, 996, 1027, 1046, 1065, 1078, 1087, 1096, 1103, 1105, 1110, 1119, 1122, 1122, 1128, 1131, 1132, 1133, 1135, 1137]
[1, 3, 3, 7, 19, 85, 253, 548, 774, 875, 930, 963, 996, 1013, 1032, 1046, 1057, 1062, 1065, 1072, 1079, 1083, 1086, 1086, 1091, 1093]
[1, 1, 2, 10, 30, 111, 336, 655, 850, 927, 974, 1009, 1038, 1058, 1071, 1087, 1093, 1105, 1110, 1114, 1114, 1117, 1120, 1122, 1125, 1129]
[1, 2, 5, 7, 18, 96, 292, 578, 783, 880, 943, 984, 1014, 1031, 1050, 1063, 1071, 1074, 1082, 1088, 1092, 1094, 1096, 1100, 1102, 1106]
[1, 1, 1, 1, 1, 1, 1, 1, 1, 1, 1, 1, 1, 1, 1, 1, 1, 1, 1, 1, 1, 1, 1, 1, 1, 1]
[1, 3, 24, 110, 344, 644, 811, 904, 960, 987, 1022, 1041, 1051, 1065, 1076, 1081, 1086, 1092, 1098, 1103, 1107, 1110, 1112, 1112, 1113, 1113]
[1, 2, 2, 2, 2, 2, 2, 2, 2, 2, 2, 2, 2, 2, 2, 2, 2, 2, 2, 2, 2, 2, 2, 2, 2, 3]
[1, 2, 6, 16, 78, 270, 567, 758, 872, 946, 978, 1005, 1023, 1041, 1051, 1057, 1065, 1071, 1076, 1081, 1083, 1087, 1090, 1092, 1095, 1095]
[1, 1, 3, 3, 3, 3, 4, 4, 5, 7, 22, 128, 408, 696, 842, 927, 975, 1006, 1027, 1047, 1059, 1068, 1076, 1082, 1087, 1095]
[1, 3, 5, 15, 60, 246, 537, 789, 897, 956, 996, 1020, 1035, 1053, 1064, 1071, 1081, 1083, 1086, 1089, 1091, 1095, 1097, 1098, 1098, 1099]
[1, 1, 1, 1, 1, 1, 1, 1, 1, 1, 1, 1, 1, 1, 1, 1, 1, 1, 1, 1, 1, 1, 1, 1, 1, 1]
[1, 1, 1, 1, 1, 1, 1, 1, 1, 1, 1, 1, 1, 1, 1, 1, 1, 1, 1, 1, 1, 1, 1, 1, 1, 1]
[1, 2, 5, 32, 118, 367, 671, 843, 929, 975, 1008, 1041, 1056, 1068, 1076, 1083, 1089, 1091, 1097, 1099, 1104, 1105, 1106, 1107, 1110, 1110]
[1, 2, 2, 3, 3, 4, 4, 4, 4, 5, 7, 29, 121, 369, 645, 796, 891, 944, 977, 1001, 1022, 1043, 1058, 1069, 1077, 1081]
