[1, 5, 10, 23, 52, 88, 107, 120, 127, 130, 136, 137, 138, 138, 140, 140, 141, 142, 142, 142, 142, 142, 142, 143, 143, 144]
[1, 5, 17, 36, 66, 97, 111, 125, 129, 134, 135, 139, 139, 139, 139, 139, 142, 142, 143, 143, 144, 145, 145, 145, 145, 145]
[1, 9, 38, 76, 110, 125, 138, 140, 145, 146, 148, 148, 149, 150, 151, 152, 153, 153, 153, 153, 153, 153, 153, 153, 153, 153]
[1, 10, 29, 74, 107, 119, 128, 132, 136, 136, 137, 138, 139, 140, 143, 144, 144, 145, 145, 145, 145, 147, 147, 147, 147, 147]
[1, 8, 28, 68, 105, 127, 138, 139, 142, 144, 145, 147, 148, 149, 149, 151, 151, 152, 153, 153, 153, 153, 153, 153, 153, 153]
[1, 6, 13, 39, 82, 105, 121, 127, 128, 133, 137, 138, 139, 141, 141, 141, 141, 141, 141, 142, 144, 144, 144, 144, 145, 145]
[1, 12, 31, 62, 99, 118, 126, 131, 137, 141, 142, 145, 146, 146, 147, 148, 148, 148, 148, 148, 148, 149, 149, 149, 149, 149]
[1, 2, 4, 7, 24, 65, 97, 116, 126, 131, 134, 136, 137, 137, 138, 138, 139, 140, 141, 141, 142, 142, 143, 144, 144, 144]
[1, 4, 11, 46, 85, 107, 120, 125, 126, 129, 130, 133, 138, 138, 138, 141, 141, 141, 142, 142, 143, 143, 143, 143, 143, 143]
[1, 13, 37, 82, 106, 123, 136, 140, 142, 143, 145, 150, 151, 151, 151, 151, 151, 151, 151, 151, 151, 151, 151, 152, 152, 152]
[1, 4, 5, 6, 19, 56, 98, 111, 126, 134, 137, 141, 144, 144, 145, 145, 145, 146, 147, 147, 148, 148, 148, 148, 148, 148]
[1, 10, 23, 64, 94, 110, 124, 135, 135, 137, 139, 140, 140, 140, 141, 143, 143, 143, 143, 143, 143, 143, 143, 143, 143, 143]
[1, 8, 30, 77, 114, 123, 128, 130, 131, 132, 133, 134, 134, 137, 138, 139, 139, 140, 141, 142, 142, 142, 142, 142, 142, 142]
[1, 2, 4, 11, 21, 61, 96, 117, 122, 126, 136, 139, 140, 140, 141, 142, 142, 142, 144, 145, 146, 146, 146, 146, 146, 146]
[1, 2, 2, 4, 6, 6, 8, 10, 13, 17, 38, 73, 104, 117, 123, 127, 129, 130, 135, 138, 138, 138, 138, 138, 140, 142]
[1, 6, 12, 22, 49, 81, 103, 114, 128, 132, 133, 135, 138, 139, 139, 140, 142, 142, 142, 143, 143, 143, 144, 145, 145, 146]
[1, 10, 22, 46, 84, 112, 128, 132, 135, 137, 138, 139, 141, 143, 143, 143, 144, 145, 145, 147, 148, 148, 150, 150, 150, 150]
[1, 15, 36, 71, 103, 120, 127, 131, 135, 135, 136, 137, 137, 138, 139, 140, 141, 141, 141, 142, 143, 143, 143, 143, 145, 145]
[1, 6, 20, 62, 98, 116, 125, 130, 134, 137, 138, 139, 141, 142, 142, 142, 144, 144, 145, 145, 145, 145, 145, 145, 145, 145]
[1, 6, 8, 12, 25, 61, 103, 119, 127, 131, 136, 140, 142, 144, 144, 145, 146, 146, 146, 146, 147, 147, 147, 147, 147, 147]
[1, 9, 28, 71, 100, 118, 128, 132, 135, 138, 142, 144, 145, 146, 147, 147, 148, 149, 149, 149, 149, 149, 150, 150, 150, 150]
[1, 7, 18, 58, 101, 114, 128, 130, 131, 132, 135, 137, 137, 139, 140, 140, 140, 140, 140, 140, 141, 142, 142, 143, 144, 144]
[1, 12, 27, 58, 99, 115, 125, 127, 132, 133, 134, 136, 137, 138, 139, 141, 141, 141, 141, 141, 142, 143, 143, 144, 144, 144]
[1, 14, 43, 88, 110, 124, 136, 138, 141, 143, 145, 147, 150, 152, 153, 155, 155, 155, 156, 156, 158, 159, 160, 161, 162, 162]
[1, 8, 21, 53, 93, 106, 118, 122, 127, 130, 132, 135, 136, 136, 138, 138, 138, 138, 138, 138, 139, 139, 139, 139, 139, 139]
