[1, 36, 45, 55, 64, 73, 77, 86, 91, 97, 98, 102, 105, 107, 108, 109, 109, 111, 112, 112, 112, 112, 113, 113, 114, 115]
[1, 21, 30, 41, 52, 58, 68, 76, 86, 91, 92, 95, 98, 99, 103, 103, 105, 106, 109, 110, 111, 111, 112, 112, 112, 112]
[1, 25, 27, 31, 38, 53, 58, 67, 74, 78, 81, 84, 87, 90, 92, 94, 97, 100, 102, 103, 105, 105, 105, 105, 105, 105]
[1, 1, 1, 1, 1, 1, 1, 1, 1, 1, 1, 1, 1, 1, 1, 1, 1, 1, 1, 1, 1, 1, 1, 1, 1, 1]
[1, 6, 8, 13, 26, 29, 38, 49, 58, 66, 73, 78, 80, 81, 86, 89, 92, 93, 94, 95, 96, 96, 97, 97, 98, 98]
[1, 5, 9, 19, 31, 34, 40, 52, 60, 63, 67, 70, 74, 75, 76, 80, 82, 84, 86, 87, 89, 89, 92, 92, 92, 93]
[1, 30, 36, 45, 61, 69, 75, 85, 88, 93, 99, 99, 99, 100, 102, 102, 102, 102, 102, 102, 102, 103, 104, 105, 105, 107]
[1, 1, 1, 1, 1, 1, 1, 1, 1, 1, 1, 1, 1, 1, 1, 1, 1, 1, 1, 1, 1, 1, 1, 1, 1, 1]
[1, 13, 15, 17, 23, 28, 34, 44, 50, 62, 66, 76, 81, 84, 85, 89, 92, 96, 98, 99, 101, 101, 101, 101, 101, 101]
[1, 6, 7, 7, 7, 8, 10, 16, 25, 32, 44, 50, 58, 63, 75, 84, 85, 88, 92, 92, 93, 95, 95, 96, 97, 99]
[1, 46, 56, 66, 78, 86, 90, 97, 103, 106, 107, 112, 113, 114, 115, 119, 122, 124, 125, 126, 126, 126, 126, 127, 127, 128]
[1, 28, 38, 53, 62, 72, 77, 83, 85, 90, 93, 95, 97, 100, 102, 105, 105, 108, 108, 109, 109, 110, 111, 111, 111, 111]
[1, 3, 3, 4, 9, 22, 32, 41, 52, 61, 69, 72, 74, 75, 79, 84, 86, 88, 93, 93, 95, 96, 97, 97, 97, 97]
[1, 53, 61, 75, 84, 95, 99, 103, 109, 112, 113, 114, 117, 118, 119, 120, 122, 124, 125, 127, 128, 129, 130, 131, 131, 131]
[1, 15, 22, 30, 43, 51, 57, 63, 70, 74, 79, 85, 89, 93, 94, 95, 96, 98, 100, 100, 102, 103, 104, 105, 105, 105]
[1, 13, 19, 28, 36, 39, 49, 51, 54, 58, 62, 67, 71, 77, 80, 81, 86, 87, 88, 88, 89, 91, 91, 91, 91, 91]
[1, 23, 27, 34, 37, 43, 48, 55, 60, 66, 72, 80, 82, 86, 90, 91, 94, 94, 95, 95, 96, 97, 98, 98, 98, 98]
[1, 47, 75, 86, 96, 101, 109, 114, 118, 122, 123, 126, 128, 129, 131, 132, 132, 132, 133, 133, 133, 133, 134, 134, 134, 134]
[1, 22, 29, 35, 43, 48, 54, 54, 64, 77, 82, 89, 91, 91, 93, 96, 99, 99, 102, 103, 103, 104, 106, 106, 107, 108]
[1, 4, 11, 19, 24, 29, 42, 51, 61, 65, 71, 74, 81, 83, 84, 88, 91, 92, 92, 92, 93, 93, 93, 94, 94, 95]
[1, 4, 7, 10, 12, 14, 20, 25, 34, 43, 51, 54, 60, 69, 72, 78, 83, 84, 88, 91, 92, 92, 92, 94, 94, 94]
[1, 20, 29, 36, 44, 49, 59, 69, 76, 80, 86, 90, 92, 92, 96, 96, 99, 102, 104, 104, 104, 104, 105, 105, 105, 105]
[1, 12, 16, 21, 31, 39, 51, 63, 67, 71, 73, 76, 78, 80, 82, 84, 86, 88, 90, 92, 95, 97, 100, 100, 100, 101]
[1, 14, 18, 22, 30, 40, 47, 52, 62, 70, 74, 80, 86, 89, 90, 94, 96, 97, 100, 103, 104, 106, 106, 106, 106, 106]
[1, 2, 3, 7, 11, 19, 24, 31, 34, 42, 44, 51, 54, 59, 64, 69, 76, 78, 81, 83, 84, 85, 86, 87, 88, 88]
