[1, 28, 57, 106, 136, 147, 157, 163, 167, 172, 173, 177, 179, 180, 182, 183, 184, 184, 185, 185, 188, 188, 188, 188, 188, 188]
[1, 2, 4, 13, 30, 66, 109, 136, 147, 159, 165, 168, 170, 172, 175, 180, 182, 183, 184, 186, 187, 187, 188, 189, 189, 189]
[1, 20, 30, 54, 87, 133, 151, 163, 173, 179, 182, 186, 186, 188, 189, 191, 192, 193, 194, 195, 195, 195, 195, 195, 195, 195]
[1, 1, 1, 1, 1, 1, 1, 1, 1, 1, 1, 1, 1, 1, 1, 1, 1, 1, 1, 1, 1, 1, 1, 1, 1, 1]
[1, 1, 1, 1, 2, 3, 12, 57, 108, 137, 150, 166, 175, 182, 186, 190, 194, 195, 197, 197, 197, 199, 199, 199, 200, 200]
[1, 33, 48, 76, 121, 145, 163, 172, 178, 180, 183, 186, 187, 190, 192, 194, 194, 194, 195, 195, 195, 196, 196, 196, 196, 197]
[1, 1, 3, 47, 87, 134, 153, 167, 177, 181, 185, 187, 188, 192, 193, 194, 195, 196, 196, 196, 196, 196, 198, 198, 198, 198]
[1, 1, 1, 3, 16, 44, 84, 125, 146, 162, 167, 175, 177, 181, 184, 187, 187, 188, 189, 189, 190, 191, 191, 191, 191, 191]
[1, 2, 2, 2, 2, 5, 22, 49, 94, 124, 155, 161, 168, 174, 175, 176, 177, 179, 180, 183, 185, 186, 186, 186, 186, 186]
[1, 1, 3, 24, 40, 82, 111, 141, 157, 167, 174, 181, 186, 190, 192, 194, 195, 195, 195, 195, 195, 195, 196, 197, 197, 197]
[1, 12, 19, 35, 63, 97, 125, 140, 155, 167, 173, 177, 179, 181, 185, 186, 186, 186, 186, 186, 186, 186, 186, 186, 187, 187]
[1, 38, 57, 101, 143, 160, 171, 179, 181, 186, 188, 190, 193, 194, 195, 196, 196, 196, 197, 197, 197, 197, 197, 197, 197, 197]
[1, 3, 6, 12, 22, 53, 82, 111, 132, 147, 160, 168, 172, 174, 177, 178, 181, 182, 182, 183, 183, 183, 183, 183, 183, 184]
[1, 15, 28, 64, 99, 127, 147, 158, 166, 175, 178, 182, 183, 184, 186, 188, 189, 189, 189, 189, 190, 190, 191, 191, 192, 192]
[1, 22, 47, 87, 121, 144, 157, 166, 177, 179, 183, 185, 186, 186, 187, 189, 189, 190, 190, 190, 191, 191, 191, 191, 192, 192]
[1, 1, 1, 1, 1, 1, 2, 7, 25, 69, 120, 138, 150, 158, 163, 170, 180, 184, 185, 186, 187, 189, 189, 190, 190, 190]
[1, 5, 6, 10, 21, 49, 92, 129, 152, 162, 168, 176, 181, 184, 184, 185, 186, 186, 187, 188, 188, 190, 190, 190, 190, 190]
[1, 1, 1, 1, 1, 1, 1, 3, 14, 40, 74, 113, 134, 146, 158, 163, 169, 172, 176, 177, 183, 186, 186, 188, 188, 188]
[1, 2, 13, 33, 78, 111, 139, 156, 164, 168, 176, 178, 181, 183, 183, 183, 183, 183, 184, 184, 184, 184, 184, 186, 186, 186]
[1, 1, 2, 3, 7, 22, 46, 83, 122, 138, 151, 161, 171, 177, 180, 182, 184, 184, 185, 185, 186, 186, 187, 187, 187, 187]
[1, 1, 2, 3, 12, 24, 51, 90, 126, 145, 157, 163, 169, 177, 182, 185, 188, 189, 191, 192, 192, 193, 193, 193, 193, 194]
[1, 2, 3, 7, 18, 51, 104, 136, 156, 168, 175, 181, 184, 186, 187, 188, 189, 191, 192, 192, 192, 193, 193, 193, 194, 194]
[1, 2, 9, 27, 75, 106, 147, 161, 170, 176, 181, 186, 189, 190, 191, 192, 193, 193, 193, 193, 193, 193, 193, 194, 194, 194]
[1, 3, 3, 3, 3, 4, 7, 18, 31, 53, 92, 117, 132, 143, 152, 154, 161, 163, 167, 168, 170, 173, 175, 176, 176, 176]
[1, 1, 2, 3, 4, 6, 10, 15, 35, 86, 132, 157, 170, 178, 181, 186, 187, 189, 190, 192, 193, 193, 196, 198, 198, 198]
