[1, 4, 23, 93, 174, 220, 254, 270, 285, 289, 293, 294, 295, 297, 300, 301, 303, 304, 307, 307, 308, 308, 309, 309, 309, 309]
[1, 2, 3, 23, 95, 179, 221, 242, 255, 266, 276, 286, 294, 295, 302, 303, 303, 303, 304, 304, 305, 305, 306, 306, 307, 307]
[1, 11, 34, 90, 184, 224, 253, 265, 276, 286, 290, 293, 296, 297, 298, 299, 301, 303, 303, 303, 303, 304, 305, 305, 305, 305]
[1, 1, 1, 2, 7, 18, 51, 130, 199, 243, 265, 273, 279, 288, 294, 298, 299, 299, 301, 302, 303, 305, 306, 306, 306, 306]
[1, 5, 21, 50, 109, 191, 234, 259, 282, 288, 291, 297, 300, 302, 303, 304, 305, 307, 307, 307, 307, 307, 308, 308, 308, 308]
[1, 9, 43, 102, 175, 228, 251, 272, 279, 289, 293, 295, 298, 300, 301, 301, 302, 305, 307, 307, 307, 307, 307, 307, 307, 308]
[1, 1, 1, 1, 1, 1, 1, 1, 1, 1, 1, 1, 1, 1, 1, 1, 1, 1, 1, 1, 1, 1, 1, 1, 1, 1]
[1, 11, 62, 160, 232, 257, 269, 280, 282, 287, 290, 294, 295, 296, 298, 298, 299, 300, 300, 300, 301, 301, 301, 301, 301, 302]
[1, 9, 46, 142, 216, 245, 261, 279, 285, 291, 292, 294, 297, 298, 298, 298, 298, 300, 300, 300, 300, 300, 300, 300, 300, 300]
[1, 6, 24, 89, 172, 224, 251, 270, 278, 283, 287, 293, 298, 300, 301, 301, 303, 304, 304, 304, 304, 305, 305, 305, 305, 305]
[1, 4, 10, 51, 134, 199, 232, 251, 267, 277, 283, 285, 287, 290, 292, 293, 296, 298, 298, 300, 301, 301, 301, 302, 303, 303]
[1, 2, 9, 45, 117, 191, 239, 252, 268, 273, 281, 288, 292, 297, 300, 301, 302, 303, 305, 305, 306, 306, 306, 306, 306, 306]
[1, 2, 8, 54, 121, 199, 245, 261, 273, 285, 292, 297, 299, 299, 301, 302, 302, 302, 302, 303, 304, 304, 304, 304, 304, 306]
[1, 5, 23, 93, 185, 227, 246, 264, 277, 286, 292, 295, 295, 296, 296, 296, 298, 299, 300, 301, 301, 302, 306, 307, 307, 308]
[1, 4, 14, 48, 129, 189, 217, 237, 252, 263, 275, 281, 287, 292, 295, 298, 299, 302, 302, 302, 303, 303, 303, 303, 303, 303]
[1, 6, 25, 55, 126, 194, 229, 252, 267, 274, 282, 285, 286, 289, 291, 295, 296, 297, 300, 300, 302, 303, 303, 303, 303, 304]
[1, 8, 35, 106, 193, 233, 251, 262, 271, 279, 284, 290, 296, 299, 300, 301, 301, 302, 302, 303, 303, 303, 304, 304, 304, 304]
[1, 2, 3, 16, 52, 138, 201, 244, 267, 277, 287, 291, 295, 298, 298, 298, 301, 303, 305, 307, 307, 307, 308, 308, 309, 310]
[1, 5, 22, 73, 162, 217, 251, 267, 278, 280, 285, 291, 296, 297, 299, 301, 301, 301, 301, 302, 302, 303, 304, 304, 305, 305]
[1, 4, 37, 116, 204, 252, 265, 279, 290, 292, 293, 295, 299, 301, 303, 306, 307, 308, 308, 308, 309, 309, 309, 309, 309, 309]
[1, 6, 22, 52, 113, 182, 217, 237, 260, 271, 280, 283, 287, 293, 296, 298, 299, 300, 302, 303, 303, 303, 306, 307, 307, 307]
[1, 7, 21, 71, 142, 201, 246, 266, 276, 288, 298, 302, 303, 305, 305, 305, 307, 307, 307, 307, 307, 307, 307, 307, 307, 308]
[1, 11, 65, 142, 215, 251, 269, 277, 281, 288, 294, 298, 300, 300, 301, 302, 303, 303, 303, 304, 304, 306, 306, 307, 308, 308]
[1, 2, 11, 41, 102, 187, 230, 253, 272, 288, 291, 295, 296, 296, 298, 299, 301, 304, 305, 306, 306, 307, 307, 307, 307, 307]
[1, 7, 39, 95, 157, 200, 236, 254, 264, 271, 277, 282, 287, 289, 292, 294, 297, 298, 299, 300, 300, 300, 300, 301, 301, 301]
