[1, 1, 1, 1, 1, 1, 1, 1, 1, 1, 1, 1, 1, 1, 1, 1, 1, 1, 1, 1, 1, 1, 1, 1, 1, 1]
[1, 3, 5, 31, 143, 414, 626, 734, 802, 841, 861, 878, 904, 916, 929, 937, 951, 952, 957, 964, 968, 971, 973, 978, 980, 981]
[1, 2, 10, 66, 270, 559, 714, 798, 855, 892, 916, 936, 954, 959, 964, 969, 974, 983, 989, 992, 994, 997, 998, 1001, 1002, 1002]
[1, 6, 27, 143, 344, 591, 737, 819, 871, 907, 924, 947, 957, 970, 977, 986, 987, 993, 997, 999, 1002, 1002, 1002, 1003, 1004, 1006]
[1, 2, 10, 68, 215, 535, 711, 810, 870, 902, 935, 957, 969, 982, 989, 996, 999, 1001, 1003, 1005, 1008, 1010, 1011, 1011, 1012, 1012]
[1, 2, 33, 168, 425, 626, 753, 816, 864, 895, 925, 937, 950, 959, 970, 977, 983, 986, 989, 992, 994, 996, 999, 999, 1003, 1004]
[1, 36, 146, 365, 597, 722, 816, 865, 899, 916, 935, 952, 962, 973, 976, 982, 988, 991, 994, 997, 998, 1000, 1003, 1004, 1005, 1006]
[1, 1, 1, 1, 1, 1, 1, 1, 1, 1, 1, 1, 1, 1, 1, 1, 1, 1, 1, 1, 1, 1, 1, 1, 1, 1]
[1, 3, 21, 64, 264, 537, 719, 812, 876, 916, 937, 967, 980, 988, 997, 1002, 1006, 1009, 1015, 1018, 1023, 1026, 1027, 1028, 1029, 1029]
[1, 35, 167, 435, 656, 752, 837, 877, 907, 927, 939, 950, 956, 968, 971, 979, 983, 986, 992, 995, 995, 996, 998, 999, 999, 1002]
[1, 3, 22, 83, 299, 576, 725, 800, 853, 884, 903, 922, 942, 948, 951, 963, 971, 975, 977, 981, 982, 985, 987, 990, 992, 994]
[1, 1, 1, 1, 1, 1, 1, 1, 1, 1, 1, 1, 1, 1, 1, 1, 1, 1, 1, 1, 1, 1, 1, 1, 1, 1]
[1, 1, 1, 2, 22, 95, 286, 521, 692, 786, 833, 874, 900, 920, 937, 950, 958, 966, 978, 986, 991, 993, 997, 1001, 1004, 1007]
[1, 27, 69, 154, 384, 604, 736, 809, 865, 895, 912, 929, 943, 954, 963, 969, 973, 980, 986, 991, 994, 997, 1002, 1005, 1006, 1006]
[1, 46, 86, 325, 609, 757, 834, 875, 907, 936, 956, 970, 977, 986, 992, 995, 1001, 1008, 1014, 1015, 1017, 1021, 1023, 1024, 1025, 1026]
[1, 2, 8, 32, 135, 393, 621, 755, 812, 868, 901, 921, 940, 955, 968, 975, 979, 986, 988, 990, 994, 998, 999, 1002, 1002, 1003]
[1, 1, 1, 1, 1, 1, 1, 1, 1, 1, 1, 1, 1, 1, 1, 1, 1, 1, 1, 1, 1, 1, 1, 1, 1, 1]
[1, 3, 5, 14, 52, 101, 285, 554, 693, 782, 830, 863, 890, 913, 941, 953, 964, 973, 976, 982, 988, 991, 992, 994, 996, 998]
[1, 1, 1, 1, 1, 1, 1, 1, 1, 1, 1, 1, 1, 1, 1, 1, 1, 1, 1, 1, 1, 1, 1, 1, 1, 1]
[1, 1, 1, 2, 5, 24, 92, 279, 523, 682, 762, 814, 853, 882, 901, 922, 934, 944, 949, 958, 962, 971, 976, 979, 981, 986]
[1, 1, 1, 1, 1, 1, 1, 1, 1, 1, 1, 1, 1, 1, 1, 1, 1, 1, 1, 1, 1, 1, 1, 1, 1, 1]
[1, 24, 77, 265, 546, 712, 803, 847, 891, 923, 940, 958, 972, 981, 985, 993, 1000, 1005, 1007, 1012, 1014, 1014, 1016, 1016, 1016, 1016]
[1, 10, 36, 171, 413, 631, 738, 816, 865, 893, 914, 934, 945, 954, 961, 967, 973, 981, 985, 987, 989, 989, 993, 993, 995, 997]
[1, 12, 51, 223, 499, 654, 749, 808, 846, 881, 901, 916, 934, 947, 960, 968, 974, 978, 981, 985, 987, 989, 989, 990, 992, 995]
[1, 5, 12, 24, 69, 211, 442, 653, 781, 832, 877, 899, 914, 927, 937, 952, 962, 967, 973, 980, 987, 988, 991, 992, 995, 996]
