[1, 17, 67, 185, 372, 480, 543, 576, 611, 629, 646, 659, 666, 673, 683, 691, 695, 698, 700, 702, 704, 705, 706, 709, 710, 710]
[1, 7, 8, 18, 87, 261, 409, 479, 529, 561, 583, 607, 622, 631, 647, 649, 658, 666, 672, 676, 681, 686, 687, 687, 690, 691]
[1, 2, 11, 41, 142, 311, 444, 536, 571, 594, 626, 638, 648, 658, 668, 670, 672, 674, 678, 678, 678, 679, 679, 681, 682, 682]
[1, 1, 1, 1, 1, 1, 1, 1, 1, 1, 1, 1, 1, 1, 1, 1, 1, 1, 1, 1, 1, 1, 1, 1, 1, 1]
[1, 5, 8, 16, 58, 197, 390, 514, 574, 611, 631, 654, 667, 682, 697, 706, 713, 716, 719, 720, 721, 721, 724, 726, 727, 730]
[1, 10, 48, 153, 344, 449, 509, 544, 569, 600, 613, 627, 642, 646, 652, 662, 667, 672, 675, 678, 681, 682, 683, 683, 683, 683]
[1, 8, 25, 92, 267, 435, 506, 560, 597, 623, 640, 650, 665, 673, 680, 689, 694, 699, 706, 708, 712, 713, 713, 713, 713, 714]
[1, 2, 2, 2, 2, 2, 2, 2, 2, 2, 2, 2, 2, 2, 2, 2, 2, 2, 2, 2, 2, 2, 2, 2, 2, 2]
[1, 2, 2, 3, 7, 49, 149, 343, 472, 536, 586, 617, 641, 655, 668, 680, 684, 693, 700, 703, 709, 712, 716, 718, 719, 719]
[1, 20, 66, 203, 388, 491, 537, 585, 607, 622, 637, 650, 668, 671, 678, 679, 683, 684, 688, 692, 695, 699, 700, 702, 702, 708]
[1, 13, 25, 63, 190, 371, 482, 542, 578, 606, 627, 639, 646, 656, 661, 668, 672, 676, 680, 682, 684, 685, 688, 692, 695, 696]
[1, 2, 3, 5, 18, 118, 271, 429, 511, 571, 607, 626, 643, 658, 667, 674, 680, 685, 685, 690, 694, 697, 698, 700, 701, 706]
[1, 2, 3, 24, 76, 251, 409, 502, 572, 615, 635, 652, 667, 687, 694, 707, 713, 716, 721, 726, 727, 730, 733, 735, 735, 735]
[1, 6, 6, 7, 17, 57, 160, 358, 459, 530, 573, 599, 616, 633, 644, 654, 672, 680, 687, 693, 697, 700, 702, 704, 705, 706]
[1, 27, 87, 252, 426, 517, 559, 596, 614, 634, 648, 662, 675, 682, 685, 690, 699, 704, 710, 717, 717, 718, 718, 720, 721, 723]
[1, 1, 1, 1, 1, 1, 1, 1, 1, 1, 1, 1, 1, 1, 1, 1, 1, 1, 1, 1, 1, 1, 1, 1, 1, 1]
[1, 1, 1, 1, 1, 1, 1, 1, 1, 1, 1, 1, 1, 1, 1, 1, 1, 1, 1, 1, 1, 1, 1, 1, 1, 1]
[1, 2, 4, 9, 88, 232, 384, 464, 520, 560, 585, 620, 633, 648, 658, 666, 672, 674, 678, 685, 687, 690, 691, 692, 693, 693]
[1, 6, 34, 129, 297, 426, 497, 546, 575, 603, 618, 637, 646, 654, 661, 665, 672, 676, 677, 684, 685, 685, 686, 686, 688, 688]
[1, 1, 1, 1, 1, 1, 1, 1, 1, 1, 1, 1, 1, 1, 1, 1, 1, 1, 1, 1, 1, 1, 1, 1, 1, 1]
[1, 2, 26, 115, 314, 420, 475, 518, 563, 592, 613, 628, 635, 648, 654, 663, 668, 671, 676, 677, 681, 684, 686, 688, 690, 690]
[1, 2, 2, 3, 4, 5, 29, 144, 329, 456, 529, 575, 606, 617, 633, 643, 648, 657, 664, 670, 674, 680, 685, 691, 693, 694]
[1, 2, 49, 158, 325, 432, 507, 547, 581, 609, 621, 639, 648, 656, 662, 666, 672, 680, 686, 688, 691, 692, 696, 698, 701, 701]
[1, 3, 3, 3, 3, 3, 4, 4, 4, 5, 10, 35, 143, 310, 429, 492, 537, 577, 598, 615, 631, 640, 646, 653, 655, 663]
[1, 1, 1, 1, 1, 1, 1, 1, 1, 1, 1, 1, 1, 1, 1, 1, 1, 1, 1, 1, 1, 1, 1, 1, 1, 1]
