[1, 15, 38, 177, 406, 567, 680, 739, 787, 821, 842, 863, 875, 886, 896, 901, 912, 919, 924, 930, 936, 941, 946, 948, 955, 958]
[1, 15, 99, 339, 560, 680, 737, 791, 833, 873, 896, 913, 928, 937, 948, 957, 959, 964, 971, 974, 977, 979, 983, 987, 992, 992]
[1, 2, 2, 2, 2, 2, 2, 2, 2, 2, 2, 2, 2, 2, 2, 2, 2, 2, 2, 2, 2, 2, 2, 2, 2, 2]
[1, 7, 46, 150, 395, 574, 672, 737, 778, 824, 850, 874, 890, 906, 917, 922, 929, 932, 934, 940, 944, 946, 948, 951, 958, 959]
[1, 11, 14, 20, 38, 115, 269, 501, 631, 721, 787, 822, 844, 865, 885, 895, 903, 911, 920, 926, 930, 937, 938, 940, 943, 947]
[1, 1, 1, 1, 1, 1, 1, 1, 1, 1, 1, 1, 1, 1, 1, 1, 1, 1, 1, 1, 1, 1, 1, 1, 1, 1]
[1, 24, 57, 206, 477, 654, 744, 805, 850, 881, 902, 912, 931, 948, 962, 976, 978, 984, 988, 992, 996, 1001, 1002, 1006, 1009, 1012]
[1, 6, 17, 103, 316, 540, 665, 731, 787, 829, 852, 881, 896, 918, 929, 935, 941, 944, 948, 952, 955, 958, 959, 963, 965, 967]
[1, 5, 15, 30, 99, 307, 530, 662, 736, 772, 816, 845, 871, 887, 896, 906, 916, 925, 933, 937, 943, 947, 954, 958, 962, 965]
[1, 2, 7, 92, 287, 541, 669, 744, 791, 819, 838, 857, 880, 889, 904, 917, 922, 930, 935, 941, 949, 953, 953, 957, 958, 961]
[1, 5, 19, 66, 269, 528, 663, 749, 804, 842, 874, 896, 912, 925, 937, 946, 953, 958, 967, 973, 974, 975, 976, 979, 980, 982]
[1, 5, 24, 132, 383, 613, 713, 769, 809, 833, 853, 870, 890, 901, 915, 926, 932, 938, 941, 944, 946, 948, 950, 952, 954, 956]
[1, 4, 12, 72, 241, 480, 612, 704, 767, 805, 835, 864, 888, 905, 920, 933, 945, 949, 955, 960, 963, 968, 971, 974, 974, 976]
[1, 1, 1, 1, 1, 1, 1, 1, 1, 1, 1, 1, 1, 1, 1, 1, 1, 1, 1, 1, 1, 1, 1, 1, 1, 1]
[1, 4, 9, 38, 226, 467, 621, 723, 789, 842, 882, 903, 923, 937, 953, 963, 973, 977, 980, 982, 984, 985, 987, 991, 995, 997]
[1, 1, 1, 1, 1, 1, 1, 1, 1, 1, 1, 1, 1, 1, 1, 1, 1, 1, 1, 1, 1, 1, 1, 1, 1, 1]
[1, 10, 55, 232, 475, 619, 706, 757, 791, 833, 859, 877, 896, 908, 924, 937, 945, 946, 949, 952, 955, 958, 961, 965, 969, 973]
[1, 3, 3, 4, 4, 4, 4, 4, 5, 13, 64, 248, 511, 640, 715, 763, 810, 841, 859, 881, 899, 911, 921, 930, 936, 939]
[1, 3, 10, 35, 104, 280, 498, 638, 709, 757, 796, 821, 838, 856, 881, 893, 905, 912, 922, 931, 936, 941, 943, 947, 950, 953]
[1, 1, 1, 1, 1, 1, 1, 1, 1, 1, 1, 1, 1, 1, 1, 1, 1, 1, 1, 1, 1, 1, 1, 1, 1, 1]
[1, 10, 84, 276, 492, 628, 706, 753, 790, 821, 843, 859, 874, 883, 900, 911, 920, 928, 934, 939, 942, 948, 950, 954, 959, 962]
[1, 2, 2, 2, 2, 2, 2, 2, 2, 2, 2, 2, 2, 2, 2, 2, 2, 2, 2, 2, 2, 2, 2, 2, 2, 2]
[1, 11, 50, 163, 393, 555, 654, 720, 765, 798, 833, 850, 871, 878, 890, 896, 901, 909, 911, 915, 920, 925, 929, 934, 936, 937]
[1, 9, 20, 41, 218, 467, 626, 747, 817, 862, 885, 908, 929, 939, 949, 963, 972, 979, 987, 992, 997, 1002, 1006, 1010, 1014, 1016]
[1, 3, 16, 123, 337, 529, 665, 759, 815, 844, 876, 899, 910, 924, 931, 941, 945, 949, 951, 955, 958, 962, 966, 967, 968, 972]
