[1, 3, 4, 5, 6, 8, 13, 17, 28, 43, 56, 62, 67, 73, 75, 80, 83, 86, 87, 88, 89, 89, 90, 90, 90, 91]
[1, 28, 67, 91, 106, 116, 118, 118, 122, 125, 125, 126, 127, 127, 127, 127, 127, 128, 128, 128, 128, 128, 128, 128, 128, 128]
[1, 35, 78, 96, 103, 107, 110, 111, 112, 113, 114, 115, 115, 115, 115, 115, 115, 115, 115, 116, 116, 116, 116, 116, 116, 116]
[1, 43, 86, 96, 100, 104, 106, 106, 111, 112, 113, 115, 115, 115, 115, 116, 116, 116, 116, 116, 116, 116, 116, 116, 116, 116]
[1, 18, 22, 31, 46, 55, 69, 80, 81, 84, 90, 91, 91, 92, 93, 93, 94, 95, 96, 96, 96, 96, 97, 98, 98, 98]
[1, 17, 29, 50, 63, 71, 78, 81, 84, 85, 86, 88, 88, 90, 91, 94, 94, 94, 95, 96, 96, 96, 96, 96, 96, 96]
[1, 13, 23, 38, 50, 57, 68, 75, 80, 84, 87, 87, 90, 92, 92, 95, 95, 96, 96, 97, 98, 98, 98, 98, 98, 98]
[1, 37, 76, 103, 114, 116, 121, 122, 122, 122, 122, 122, 122, 122, 123, 123, 123, 123, 123, 123, 123, 123, 123, 123, 123, 123]
[1, 36, 69, 92, 101, 103, 106, 111, 114, 116, 116, 116, 116, 116, 116, 116, 117, 117, 117, 117, 117, 117, 117, 117, 117, 117]
[1, 37, 54, 62, 72, 77, 85, 93, 94, 96, 97, 100, 102, 102, 102, 103, 103, 103, 103, 103, 103, 103, 103, 104, 104, 104]
[1, 33, 65, 94, 113, 121, 123, 125, 125, 126, 126, 127, 127, 128, 128, 128, 128, 128, 128, 128, 128, 128, 128, 128, 128, 128]
[1, 35, 58, 76, 88, 91, 95, 97, 98, 100, 102, 103, 104, 107, 108, 108, 109, 109, 109, 109, 109, 109, 109, 109, 109, 109]
[1, 2, 2, 2, 2, 2, 2, 2, 2, 2, 2, 2, 2, 2, 2, 2, 2, 2, 2, 2, 2, 2, 2, 2, 2, 2]
[1, 34, 50, 69, 74, 83, 91, 92, 96, 97, 100, 104, 104, 106, 107, 107, 107, 108, 108, 108, 108, 108, 108, 108, 108, 108]
[1, 37, 60, 84, 95, 104, 107, 109, 109, 109, 109, 109, 109, 109, 109, 109, 111, 111, 111, 111, 111, 111, 111, 111, 111, 111]
[1, 36, 74, 84, 90, 96, 101, 102, 102, 104, 105, 105, 106, 106, 107, 108, 108, 108, 108, 109, 109, 109, 109, 109, 109, 109]
[1, 40, 70, 94, 105, 112, 119, 121, 125, 125, 125, 125, 125, 126, 126, 127, 127, 128, 128, 128, 128, 128, 128, 128, 128, 128]
[1, 24, 36, 53, 69, 79, 86, 91, 94, 95, 96, 97, 97, 98, 98, 98, 98, 99, 100, 100, 100, 100, 100, 100, 100, 100]
[1, 31, 70, 93, 99, 103, 103, 108, 109, 110, 110, 111, 112, 113, 113, 113, 113, 113, 113, 113, 113, 113, 113, 113, 113, 113]
[1, 10, 18, 32, 44, 55, 60, 63, 68, 72, 78, 79, 81, 84, 85, 88, 90, 91, 92, 92, 93, 93, 96, 97, 97, 97]
[1, 43, 76, 98, 111, 115, 118, 122, 124, 125, 125, 125, 126, 127, 127, 127, 127, 127, 127, 127, 127, 128, 128, 128, 128, 128]
[1, 38, 66, 95, 104, 110, 111, 112, 113, 114, 115, 115, 115, 115, 115, 115, 115, 115, 115, 115, 115, 115, 115, 115, 115, 115]
[1, 30, 61, 84, 90, 97, 101, 105, 107, 107, 107, 108, 108, 108, 108, 109, 109, 109, 109, 109, 109, 109, 109, 110, 110, 110]
[1, 24, 32, 40, 58, 75, 80, 86, 91, 94, 95, 96, 98, 98, 98, 98, 98, 99, 99, 99, 99, 99, 100, 100, 100, 100]
[1, 40, 72, 97, 111, 115, 118, 123, 124, 124, 125, 125, 127, 127, 127, 128, 128, 128, 128, 128, 128, 128, 128, 128, 128, 128]
