[1, 9, 15, 29, 75, 117, 141, 157, 166, 169, 171, 172, 173, 173, 173, 174, 174, 176, 176, 176, 176, 176, 176, 176, 176, 178]
[1, 3, 4, 8, 38, 88, 122, 143, 153, 158, 162, 168, 171, 172, 174, 174, 175, 176, 176, 178, 178, 178, 179, 179, 179, 179]
[1, 5, 6, 22, 52, 85, 120, 145, 159, 163, 170, 176, 178, 178, 178, 179, 180, 180, 180, 180, 180, 180, 180, 180, 180, 180]
[1, 44, 92, 134, 158, 166, 170, 172, 173, 179, 180, 180, 180, 181, 181, 181, 181, 181, 181, 182, 182, 182, 182, 182, 182, 182]
[1, 12, 17, 29, 83, 127, 148, 163, 170, 172, 177, 180, 181, 182, 182, 183, 183, 183, 183, 183, 183, 183, 184, 184, 184, 184]
[1, 47, 87, 132, 154, 162, 171, 175, 179, 183, 184, 188, 190, 190, 191, 191, 191, 191, 191, 191, 191, 191, 191, 191, 191, 191]
[1, 1, 1, 1, 1, 1, 1, 1, 1, 1, 1, 1, 1, 1, 1, 1, 1, 1, 1, 1, 1, 1, 1, 1, 1, 1]
[1, 42, 85, 126, 146, 161, 169, 174, 175, 176, 182, 185, 186, 186, 187, 187, 187, 187, 187, 188, 188, 188, 188, 188, 188, 188]
[1, 16, 28, 75, 121, 145, 160, 166, 170, 172, 174, 175, 178, 179, 180, 180, 180, 181, 181, 181, 182, 182, 182, 183, 183, 183]
[1, 50, 97, 141, 156, 168, 171, 177, 177, 179, 184, 185, 186, 186, 186, 186, 187, 187, 187, 188, 188, 188, 188, 188, 188, 188]
[1, 2, 2, 2, 2, 2, 2, 2, 2, 2, 2, 2, 2, 2, 2, 2, 2, 2, 2, 2, 2, 2, 2, 2, 2, 2]
[1, 36, 82, 133, 155, 165, 170, 173, 175, 177, 180, 182, 182, 183, 183, 184, 185, 185, 185, 185, 185, 186, 186, 186, 186, 186]
[1, 38, 78, 126, 147, 157, 167, 173, 176, 176, 177, 178, 179, 180, 182, 182, 182, 182, 184, 184, 184, 185, 185, 185, 185, 185]
[1, 27, 57, 109, 140, 152, 164, 169, 173, 176, 177, 178, 180, 182, 182, 184, 184, 184, 184, 184, 184, 184, 184, 184, 184, 185]
[1, 5, 14, 48, 99, 129, 149, 156, 163, 164, 167, 172, 175, 175, 177, 178, 178, 179, 179, 181, 181, 181, 182, 183, 183, 183]
[1, 43, 84, 127, 152, 167, 173, 176, 179, 180, 182, 183, 183, 183, 183, 184, 184, 185, 185, 185, 186, 187, 187, 188, 188, 188]
[1, 5, 6, 9, 15, 33, 66, 110, 140, 152, 162, 164, 168, 171, 172, 174, 174, 175, 178, 178, 178, 178, 178, 178, 178, 178]
[1, 38, 67, 117, 152, 163, 168, 175, 175, 177, 180, 180, 182, 183, 183, 183, 183, 183, 183, 183, 183, 183, 183, 183, 183, 183]
[1, 16, 36, 73, 110, 137, 150, 157, 165, 166, 170, 172, 175, 177, 178, 179, 179, 179, 179, 180, 181, 181, 181, 181, 181, 181]
[1, 9, 12, 16, 34, 61, 108, 140, 155, 164, 169, 173, 175, 176, 177, 180, 181, 181, 181, 181, 183, 183, 183, 183, 183, 183]
[1, 22, 33, 62, 113, 142, 159, 167, 170, 176, 177, 179, 179, 179, 179, 181, 182, 182, 182, 182, 182, 183, 184, 184, 184, 184]
[1, 7, 13, 33, 62, 114, 140, 154, 160, 169, 172, 174, 175, 176, 178, 178, 178, 179, 179, 179, 179, 180, 180, 181, 181, 181]
[1, 26, 53, 105, 138, 153, 161, 165, 171, 172, 176, 178, 180, 180, 180, 180, 180, 182, 182, 182, 182, 182, 182, 182, 183, 183]
[1, 40, 104, 149, 163, 173, 179, 181, 183, 185, 187, 188, 188, 188, 188, 188, 189, 189, 189, 189, 189, 189, 189, 189, 189, 189]
[1, 30, 59, 111, 142, 157, 164, 167, 169, 173, 175, 176, 176, 177, 178, 181, 182, 183, 183, 183, 184, 184, 184, 184, 185, 185]
